15 
15 
2 2 1 1 2 2 2 1 1 1 2 2 2 2 2 
79 64 60 56 61 58 63 75 61 75 57 57 77 74 83 
69 72 77 78 75 73 68 70 66 51 78 70 59 53 41 
54 52 79 61 54 75 70 51 59 68 82 82 77 73 63 
50 81 72 73 50 59 53 75 64 81 62 77 74 51 78 
73 55 78 67 81 68 66 72 51 80 50 76 72 81 30 
74 82 64 72 52 65 59 78 71 76 82 78 80 53 14 
82 69 59 64 79 65 55 50 54 74 79 64 77 61 68 
72 70 58 74 51 75 50 79 59 64 54 63 78 82 71 
79 81 67 59 73 50 50 71 58 67 75 79 51 72 68 
71 79 67 63 76 67 60 57 60 63 67 67 67 71 65 
57 68 75 73 68 72 55 54 66 56 60 57 62 70 107 
80 63 68 80 80 58 68 64 50 50 53 56 61 50 119 
50 61 70 54 58 69 60 51 71 80 76 73 78 77 72 
66 59 62 57 81 78 55 58 64 68 55 81 75 59 82 
44 44 44 69 61 68 168 95 146 47 70 20 12 73 39 
