 98 49 15 92 78 98 47 49 85  9 22 12 28 49 98 63  5 15  4 10
 50 92 76 15 92 45 19 94 41 27 94 77  4 67 28 69 53 70 59 91
 73 64 27  6  7 11 75 30 92 13 61 69 47 59 30 13 37  1 46 21
 36 28 67 33 54 72 47 10 72 24 76 97 88 87 92 96 90 83 80  9
  9  2 64  8 98 64 86 73 97 41 46 83 47 92 77 49  9 22 58  8
 96 34 27 89 17 64 87 91 17 82 77 19 56 77 16 14 61 39 74 26
 57 72 37 69 21 83 89 85 14 32 42 29 90 32  1 73 30 62 87 60
 66 13 47 10  2 77 27 83 87 21 93 18 91 90 27 47  4 42 75 84
 26 54  8 58 26 91 78 36 26 55 98 73 29 55 24 94 79 51 56  1
 54 32 54 42 52 59 88 83  2 36 43 74 21 25 69 33 96 76 36 87
 78 97 48 87 11 89 29 57 41 52 53 24 80 28 80 39 33 92 57 65
 64 13 49 19 35 23  8 19 12 61 72 92 13 12 77 64 28 49 24 15
  2 47 56 40 25 46 55 36 82  7 91 59 21 96 83 20  5  2 41 99
 92 84 16 71 77  6 96 72 19 82 27 81 65 74 33 72  7 61 10 21
  7 10 84  2 89 19 80 65 40  8 22 12 10 85 68 87 11 82 60 72
 30 65 48 81 72 26 18 63  7 26 45 28 94 17  5 51 72 61 31 85
 53 85 50 63 39 73 63  7 38 81  5 90 29 23 83  8 33 95 79 51
 49 38 31 99 42 53 96 69 69 29 67 18 62 25 80  2 72 17 26 75
 13 67 44 34 17 61 89 93 59 17 60 86 40 46 78 88 77 18 96 97
 40 44 12 87 21 61 19 25 26 92 53 86 57 13 88 20 65 43 43 71