 73 56 22  7 33 12 92 21 44 84 87 88 43 81 23 16 58 56 25 73
 77 79 56 34  9 60 14 74  7  8 97 97 86 84 35 19 84 36 95 15
 46  1 72 36 11 62 32  2 38 26 15 25 55 49 49 76 10 47 95 89
  6 42 98 59 71  8 27 77 49 61 86  1 35 97 11 67 50 48 98 31
 43  2 49 38 64 71 80 49 98 62 59 42 14 24 39 99 18 36 49 80
 57 52 47  2 55 95  3 28 16 56 37 93 50 20 58 95 51  8 49 69
  1  9 30 68 15 88  2 26 57 13 24 59 43 66 82 42 22 38 70 46
 56 13 21 70 59  3 51 25 12 35 90 52 14 94 24 28 18 33 47 79
 59 29 42 70 38 90 74 97  1 86 20 26  5 60 24 48 98 23  6 54
 72 44 44 96 37 15 42 77 70 40  6 29 98 96 96 18 62 33 92 65
 85  4 28 69 93 40 79 97  8 42 24 73 54 89 19 31 64 95 93 34
 88 92 74 88 88 57 19  4 76 87 56 16 34 31 76 23 14 66 35 19
 58 50 59 61 89 39 61 25 80 30 50 78 74 24 70 27 32 80 33 83
 57 42 95 61 42 61 78 49  7 28 36 77 66 32 68 89 48 47 96 62
 69 19 88 89 57 56 63 98 13 43 51 85 71 62 10 95 14 93 39 11
 96 11 97 80 18 62 53 19 65 48 69 54 58 11 25 86 63 60  4 63
 76 67 39 57  8 95 18 17  6 30 92 45 86 17 22 97 62 91 18 76
 82 45 46 19 56 18 62 65 91 26 10 99 92  4 85 22 91 55 48 91
 91 48 83  7 43 50 54 81 93 49 63 15 73 93  8 94 75 89 65 59
 73 55 79 84 19  6 37 73 52  5 21 70 99  3 78 99 77 73 20 75