 64 42 78  8 29 60 20  1 12 54 70 87 67 35 68 69 73 82 12 63
 79 60  6 15 45 87 67 70 41 43 77 23 53 19 12 49 33 98 39 92
 31  6 18 42 79 51 16 91 61 38 39 34 12 30 46 80 57 89 50 58
 40 69 80 54 29 72 98 67 61 25 87 39 46 95 48 27 92 60 10 51
 29 86 13 37 48 12 63 55 19 56 17 34 67 11 86 67 18 68 58 75
 87 32 33 47 80 41 18 50  3 46 54 25 13 18 73 95 72 91 93 61
 28 50 31 72 63 46 77 99 21 71 85 83 14 53 13 57 82  4 58 90
 37 16 40 86 61 25 51 64 36 12 97 92 34 90 65 46 80 21 57 80
 11 90 82 88 43 18 15 69 72 10 91 47 45 23 61 56 32 57 13 26
 84 18 15 30 85 96 40 52 31 52 93  5 34 51 45 55 36 90 81 40
 26 86 52 63 78  3 66 99 81 89 48 78 20 57 13 50 47 40  7 66
 54  5 81 17 21 33 58 69 81 63 84 89 91  9 95 59 71 33 51 53
  2 38 38 19 15 54 79 25 70 55 99 69 55 30 82 38 73 53 97  3
 70 17 18 79 75 60 55 55 28 54 44  3 23 23 60 71 70 85 99 24
 12 23 41 58  1 27  9 25 91 27 95  9 45 46 34 38 20 16 46 71
 89 28 39 37 60 45 87 57 10 35 46 67  8 37 97 99 37 22 18 19
 76 10 82 56 87 55 23 67 46 81 25 31 30 56 53 16 33 17 81 92
 97  7 23 55 53 87 96 52 61 79 71 85 88  9 66 17 18 52  4 55
 78 89 96 48 76 65 13 22 73  4 17 32 88  9  9 51 29  9  6 12
 29 90 26 38 30 97 75 37 87 31 55 73 23 13  3 98 38 20 23 93