 47 27 51 64 52 33 65 84 99 56 54 23 16 49 48  7 64 40 65 66
 96 57 60 73 39  4 30 69 81 25 97 72 50 65 29 21 59 92 61  8
 13 95 33 44 14 26 35  6 18 93 83  6 79 94 92 97  6 83 39 16
 67 79  6  3 91 90 76 40 86 82 14 88 83 64 25 78 40 24 18 18
 84 31 88 17 44 47  8 20  1 84 23 82 30  6 88  2 40  5 10 55
 58 71 17 86 72 51 48  5 54 15 99 95 61 90  6 36 87 71 79 79
 17 58  6 64 85 90 90 63 39 38 64 37  9 75 22 96 67 29 12 72
 11 99 20 11 63 54 29 48 47 95 87 55 85 89  2  4 18 61 69 93
  4 73 98 38 44 60 53 72 78 12 56 16 64 42 96 30 27 88 81  1
 82 29 16 47 82 97 62 24 75 87 77 23 47  9 43 21 53 79 46 52
 99 78 38 61 32 49 15  6 23 75 68 16 36  6 69 84 82 88 33 60
 81 55 48 49 72 51 82 34 72 25 80 85 55 58 69 43 41 59 96 30
 32 81 15 95 11 51 16 29 40 58 36 24 76 23 78 72 99 91 15 14
 84 52 69 16 71 94 49 91  9 71 11 65 18 98 11 88 95 47 76 70
 83 88 91 45 72 31 45  7 30 50  2 37 36 23 65 97 84 75 11 72
 60  9 84 23 57 31  4 37 78 51 13 81 25 32 61 14 21 82 26 70
 38 55 49 37  4 61 63 59 30 97 92 64 37 97 32 97 71 59 78 94
 79 63 79 62 73  7 40 60 37  8 61 82 55 88 59  7  5 36 69 29
 57 78 11 10 35 54 94 79 65 76 60 74 35 43 22 54 91 39 25 67
 54 68 67 80 71 97 16 39 30 46 13 71 17 36 43 55 75 97 14 45