 93 85 34 15 36 22 13 93 61 58 63 27 50 29 76 44 50  8 54 51
  4 62 14 34 23  6 27 44 57 14 81 37 30 27 63 20 24 83 37 25
 26 26 84 96  5 88 18 40 70 21 28 93  6 62 85 37 68 57  3 36
 85 75  4 34 14 37 62 93 90 52 40 64 39 88 42 64 95 83 23 57
 49 44  5 95 85 79 68  9 98 71 19 52  7 40 28 60 26 37  3 28
 38 22 88 59 70 57 71 85 41 78 83 38 23 88 80 97 91 99 32 54
 28 63 90 68 56 49 61 29 98 12 71 41 40 61 89 91 40 59 95 91
 38 29 45  3 42 16 84 75 78 77 47 83 61 13 85 36 76 98 50 82
 46 31 99 77 87 73 91  5 18 90 97 93 78 94 91 17 55 12 71 21
 43 66 77 17 39 39 78 92 76 38 85 79 86 53 60 99 88 84 50 25
 19 11 88 84 67 43 74 92  2 11 51 22 79 25  5 18 27  8  3 79
 37 24 54 23 25 19  5 31 41 50  7 46 67 19 84 57 20 48  1 19
 53 77 24 68 56 88 87 49 71 57 34 29  9 58 91 73 12 97 77 38
 19 97 97 62 89 60 99 72 10 36 62 48 87 67 91 91 11 76 64 50
 55 68 90 31 15 99  9 88 57 18 75  2 30  4 62 42 69 24 26 57
  8 69  9 74 43 97 82 33 60  7 81 99 72  2 10 22 81 93 99 48
 40 17 62 28 22 97 57 55 62 18 79 91 16 10 49  8 81 81 63 76
 68 96 24 97 39 62 53 36 78 15 12 75 33 22 24  1 44 88 77 26
 84 53 31  3 54 78 75 98 40 94 58 27 38 64 26 88 49 25 54 65
 55 49 65 74 70 76 20  1 39  7 96 24 44 56 16 90 87 85 81  2