 33 58 51 36 14 88 55 40 99 97 23 90 75 89 15 88 30  7 56 58
 24 47 71 46 70 46 89 83  3 98 59 46 78 81 66 87 94 25 18 56
 96 24 68 97 31  7 59 74 74 50 12 52 36 84 25 94 12 77 63 63
 95 12 47 19 79 72 93 75  6 83  2 21 74 37 30 63 42  3 20 96
 74 22 52 56 12 51 16 93 97 51 95 43 75 40 95 56 62 56  3 27
 25 88 87 32 34 50 18 52 98 86 14 13 84 52 21 49  7  6 37 21
 90 24 80 43 66 15 97 35 41 67 38 39 15 81 40 36 97 47  3 56
 29 24 18 94 45 74 29 60 51 21  7 75 51 94  3 69 61 89 98 31
 73  4 30 12 74  9 60 67 57 20 69 89 27 51 39 10 12 81 58 23
 42 28 17 90 74 22 96 78 36 17 99 71 23 47 80 21 58 64 61 53
 89 67 96 22 43 67 77 25 47 25 26 91 92 16  9 51 54 93 91 67
 50 21 17 47 67 33 83 79 17 32 24 34 76  6 75 43 16 87 43 19
 86 78 23 60 55 99  3 22 89 32 11 25 30 27 52 54 84 24 84 29
 48 93 10 32 30 87 43 49 80 98 95 46 25 78 87 81 69 20 30 40
 65 34 81  9 25 84 74 69 65 92 50  9 15  8 74 11 53 89 99 96
 99 64 41 11 10 85 10  7 42 39 55 14 79 90 92  4 47  8 72 89
 97 17 30 20  2 18 63 15 43 30 76 60 43 33  1 56 92  7 60 60
 71 26 60 23 15 87 23 10 73 63 84 97 44 95 67 87 85 48 63 76
 59 93 60 76  7 48 56 21 50 43  7 47 37 50 94 29 91 38 11 76
  9 29 57 33 64 13 97 29  9 32  1 24 90 38 78 38 48 63 72 25