15 
15 
1 4 3 5 5 3 2 5 4 1 3 2 2 5 5 
62 72 80 74 82 53 52 64 76 70 66 60 74 54 61 
77 66 79 64 57 56 69 74 76 77 68 74 80 77 6 
78 62 66 68 50 54 80 57 59 65 80 50 52 78 101 
51 80 52 60 70 82 68 79 54 69 73 69 53 61 79 
60 78 71 71 57 55 70 81 75 67 52 63 81 65 54 
64 69 68 81 79 73 75 75 63 68 60 74 70 51 30 
70 67 74 51 72 78 51 81 61 79 51 58 69 70 68 
82 78 54 67 54 57 59 76 69 63 73 70 58 79 61 
75 63 71 75 54 59 57 72 80 71 72 66 79 81 25 
51 81 50 51 50 80 68 63 59 52 82 67 73 82 91 
62 58 78 65 78 69 55 60 74 77 52 71 76 59 66 
65 59 63 82 71 68 53 76 64 62 50 82 65 58 82 
63 74 69 52 74 59 67 53 70 69 55 80 70 75 70 
79 61 72 81 57 73 70 70 78 56 74 58 63 80 28 
61 32 53 58 95 84 106 19 42 55 92 58 37 30 178 
