15 
15 
4 2 1 4 4 5 5 4 2 2 2 2 2 5 2 
67 56 65 58 81 65 77 82 60 77 80 59 79 74 20 
67 62 78 70 67 65 62 68 56 61 82 61 64 71 66 
53 58 70 74 70 59 72 72 82 79 71 53 60 56 71 
59 78 55 50 56 64 68 79 80 81 71 77 76 61 45 
73 64 77 67 79 62 72 50 72 53 81 59 77 80 34 
82 59 62 73 66 77 55 58 68 78 50 63 59 74 76 
76 53 80 57 53 80 50 73 56 71 67 82 62 66 74 
58 71 53 61 82 60 75 72 73 66 54 77 75 55 68 
59 51 58 67 69 73 50 80 82 78 52 71 66 67 77 
52 64 66 79 52 74 70 76 54 69 67 52 57 81 87 
78 59 68 50 63 76 51 68 57 68 81 73 51 61 96 
55 58 62 56 81 76 66 71 68 81 77 56 50 81 62 
77 58 51 81 58 67 66 52 71 76 66 51 62 65 99 
77 80 64 50 60 56 51 64 50 55 76 72 70 64 111 
67 129 91 107 63 46 115 35 71 7 25 94 92 44 14 
