15 
15 
2 2 3 4 3 2 5 2 2 4 2 3 4 5 5 
61 50 77 76 52 61 74 67 78 57 73 65 50 80 79 
54 77 56 57 71 68 53 70 58 78 68 69 56 63 102 
81 81 50 61 62 75 74 50 82 77 57 75 75 72 28 
57 81 69 64 75 64 82 67 76 56 74 53 58 75 49 
60 60 65 73 70 69 69 74 54 81 58 53 77 78 59 
69 72 61 55 77 80 67 50 81 81 66 61 54 64 62 
81 63 55 74 55 79 69 76 50 75 64 62 78 52 67 
64 77 55 76 80 58 57 65 82 71 51 50 75 56 83 
75 71 65 70 68 80 72 80 64 63 50 52 69 70 51 
60 69 74 75 62 69 66 59 59 73 78 75 62 76 43 
59 76 60 77 50 53 52 68 71 71 78 53 62 60 110 
73 75 69 56 73 55 78 78 69 60 62 80 60 68 44 
75 59 72 80 58 56 62 59 81 58 68 60 60 72 80 
71 71 59 61 59 59 73 71 69 80 59 56 69 68 75 
60 18 113 45 88 74 52 66 26 19 94 136 95 46 68 
