25 
25 
2 1 1 1 2 2 1 2 1 1 1 2 1 2 2 2 1 1 2 2 2 1 2 1 2 
31 43 39 32 37 41 36 47 46 43 49 35 49 44 31 47 30 48 47 39 49 45 43 37 12 
46 41 50 43 43 37 47 40 45 34 43 36 35 37 45 40 30 30 50 50 40 35 46 33 24 
36 32 44 50 42 42 32 42 40 50 35 43 31 33 47 36 41 34 34 50 36 48 37 35 50 
35 49 50 38 38 48 34 34 41 42 32 32 35 43 33 41 45 42 36 35 35 38 48 38 58 
44 34 45 48 45 39 38 30 38 49 44 36 38 41 43 49 45 44 30 36 45 31 30 34 44 
43 36 35 36 36 42 42 40 45 41 40 30 33 38 49 45 47 47 34 35 45 42 34 47 38 
44 33 32 42 39 45 50 47 50 49 49 34 32 31 35 50 49 42 47 39 33 36 40 43 9 
32 42 35 43 32 50 36 33 41 40 32 49 34 46 33 37 38 47 43 41 35 44 35 34 68 
33 32 35 33 39 48 38 48 40 48 35 30 49 40 36 35 49 37 49 50 47 43 46 42 18 
49 43 43 39 47 50 44 50 35 44 40 49 45 48 34 39 49 40 33 31 37 34 45 32 0 
30 43 35 33 42 40 35 44 48 30 50 46 38 49 38 38 38 49 39 32 33 44 31 42 53 
46 43 47 47 32 41 43 50 43 31 45 45 35 30 32 42 39 30 38 40 38 38 44 35 46 
41 36 49 32 35 39 38 35 36 31 33 34 34 37 47 49 36 42 47 46 46 38 40 34 65 
33 50 41 38 42 38 39 36 41 40 32 49 50 40 43 36 40 39 35 33 47 30 35 47 46 
41 31 48 48 42 44 31 30 40 49 30 46 50 33 39 50 42 33 39 46 34 40 31 50 33 
40 41 49 41 39 37 45 41 30 39 36 40 45 34 32 45 44 46 33 32 34 42 34 48 53 
42 31 36 37 32 34 44 47 50 41 32 43 48 45 34 39 44 48 33 45 31 42 34 37 51 
36 42 36 38 47 30 44 44 31 46 31 42 33 39 42 36 31 31 46 50 40 45 30 44 66 
48 30 48 47 32 47 50 44 46 40 33 44 46 31 35 35 43 38 38 40 41 41 45 42 16 
47 45 42 36 32 50 33 45 37 40 46 40 41 50 37 46 38 39 49 34 42 47 31 42 11 
39 33 32 50 32 32 39 43 48 30 30 43 31 39 37 38 43 48 49 48 35 31 43 43 64 
45 36 50 47 33 34 44 32 42 48 34 30 44 40 31 36 46 40 44 47 43 46 48 41 19 
33 39 36 33 33 32 44 33 46 32 35 39 49 38 46 34 42 50 39 44 48 46 40 47 42 
41 41 34 41 35 33 49 43 37 43 48 33 33 46 45 39 43 39 40 43 41 45 42 48 18 
45 74 9 28 94 27 25 22 4 20 86 52 42 48 76 18 8 17 28 14 45 29 68 25 96 
