15 
15 
2 2 2 1 2 2 1 2 1 2 1 1 2 2 1 
54 67 80 57 78 73 58 63 51 75 53 64 81 50 96 
73 65 58 80 69 80 81 64 54 67 53 62 80 69 45 
53 65 57 57 58 60 51 53 67 69 63 72 70 69 136 
60 63 51 65 82 72 52 59 71 81 56 70 80 60 78 
81 57 82 55 68 64 67 63 64 53 69 78 69 58 72 
73 74 72 55 74 71 60 66 56 59 79 51 56 71 83 
81 55 69 50 58 58 71 61 70 72 59 70 51 76 99 
73 73 69 75 51 64 50 64 60 81 60 80 65 55 80 
75 63 74 62 65 56 80 80 64 69 61 67 80 57 47 
74 66 75 82 82 60 73 61 52 61 69 80 59 56 50 
80 82 65 58 77 55 66 67 74 75 64 57 61 60 59 
74 58 67 65 79 57 57 65 64 76 81 82 82 75 18 
69 77 77 56 74 53 61 75 73 72 70 74 61 57 51 
60 63 78 54 76 53 70 80 52 75 67 75 65 74 58 
20 72 26 129 9 124 103 79 128 15 96 18 40 113 28 
