25 
25 
2 2 1 2 1 2 2 2 1 1 2 1 1 2 2 1 1 1 1 2 1 1 1 2 1 
42 30 36 45 49 42 34 41 34 30 41 32 39 37 49 48 49 34 34 50 37 42 42 37 46 
33 41 30 43 48 38 43 38 32 44 50 33 34 36 31 41 31 47 43 47 31 39 39 39 69 
45 33 50 31 47 45 48 34 48 34 31 44 44 34 45 31 36 42 48 33 48 48 45 49 7 
45 30 33 31 35 35 49 50 35 49 50 49 49 43 50 46 45 30 35 44 34 40 38 42 13 
45 43 37 40 49 48 31 47 35 50 35 33 31 45 42 44 41 32 40 40 50 39 43 50 10 
49 41 33 35 37 44 44 30 38 47 37 31 42 31 39 45 39 45 43 40 40 49 38 50 33 
41 46 43 36 34 49 46 45 41 46 46 46 42 47 30 35 33 39 34 35 46 30 31 49 30 
40 49 50 47 48 43 36 30 39 43 37 38 39 45 43 46 45 43 30 36 31 46 47 33 16 
46 35 46 37 42 43 34 34 46 33 50 38 37 41 35 35 31 40 47 47 37 39 34 49 44 
41 40 45 38 32 42 34 35 43 42 40 41 36 31 49 40 47 40 41 30 50 39 33 37 54 
35 33 43 41 45 45 37 42 41 31 32 43 34 31 33 39 32 31 40 36 42 30 35 31 118 
36 37 40 32 48 45 48 38 37 43 42 50 48 49 33 44 33 40 34 42 46 48 37 41 9 
44 40 44 35 41 50 44 50 33 41 32 39 41 35 40 34 34 44 42 30 43 46 50 38 30 
49 48 37 36 49 42 39 30 40 31 49 31 42 44 47 32 36 47 33 47 40 39 34 34 44 
32 46 34 31 37 35 32 44 45 49 38 30 31 39 32 39 37 34 45 49 43 43 46 37 72 
32 38 30 38 36 30 42 42 45 37 47 50 44 32 42 35 41 43 34 48 35 41 38 33 67 
31 43 45 30 47 37 34 42 48 38 44 35 45 31 41 37 48 50 46 50 31 49 41 32 25 
49 31 43 42 45 37 34 30 35 39 31 39 41 43 40 41 32 32 44 49 43 46 34 43 57 
47 42 50 42 36 38 41 34 30 40 43 49 44 31 37 48 35 41 36 47 43 36 38 42 30 
33 44 47 35 44 39 38 45 49 36 34 31 31 38 31 40 46 31 34 43 30 30 50 42 79 
48 49 37 44 30 42 34 34 33 36 42 36 41 49 49 46 30 49 49 35 33 39 45 34 36 
35 50 42 50 31 43 47 50 41 30 35 50 35 35 48 49 36 50 42 36 33 40 41 41 10 
39 36 43 30 34 49 36 32 50 39 50 42 41 49 38 47 38 41 43 49 50 40 46 31 7 
35 39 48 39 41 34 45 41 43 50 33 41 31 48 42 36 44 49 32 34 32 42 43 38 40 
28 36 14 92 15 5 50 62 39 42 31 49 58 56 34 22 81 26 51 3 52 20 32 48 54 
