20 
20 
2 1 2 2 2 2 2 1 2 2 1 1 2 2 1 1 2 1 1 2 
51 59 48 54 43 40 42 57 58 49 40 55 50 49 51 38 51 54 41 70 
38 47 43 53 39 52 60 58 40 43 51 58 49 61 48 44 44 41 57 74 
50 45 60 42 52 57 56 59 38 54 44 60 60 60 53 44 60 41 62 3 
52 47 43 59 60 53 59 40 57 52 50 42 56 58 40 38 49 41 47 57 
46 44 51 49 42 60 49 45 38 62 62 59 62 56 62 42 53 50 43 25 
50 45 61 60 57 46 49 55 56 52 54 62 45 46 52 39 56 56 54 5 
55 53 59 45 50 50 40 47 56 42 49 56 40 52 56 52 42 48 58 50 
48 62 39 39 61 46 61 44 49 42 57 54 52 53 39 46 47 53 62 46 
40 59 50 48 60 47 40 56 45 51 55 49 60 46 48 50 50 47 38 61 
60 48 56 41 42 58 48 40 49 59 41 50 46 47 57 47 54 42 61 54 
54 56 42 60 49 55 59 50 49 58 39 53 38 54 46 39 43 53 59 44 
46 38 52 45 50 38 56 57 54 59 55 45 51 50 50 43 51 40 41 79 
52 45 54 59 47 41 52 61 43 40 53 38 59 53 49 38 46 42 51 77 
38 61 54 45 45 47 59 50 53 59 52 58 42 49 61 50 44 40 49 44 
51 54 53 45 59 40 47 46 40 43 54 45 59 62 46 55 47 43 55 56 
38 41 62 42 52 40 59 54 54 47 50 47 58 43 43 54 44 59 53 60 
62 57 59 39 51 57 46 51 46 54 39 52 60 41 52 52 48 41 38 55 
46 47 61 60 46 58 49 50 62 44 45 53 50 47 41 59 45 51 47 39 
56 59 48 52 40 45 60 41 62 61 59 51 47 47 41 61 44 43 55 28 
67 33 5 63 55 70 9 39 51 29 51 13 16 26 65 109 82 115 29 73 
