15 
15 
1 2 1 1 2 2 1 1 1 2 1 2 1 2 1 
81 64 56 77 55 76 79 79 64 81 57 58 77 60 36 
54 78 71 63 72 64 57 79 75 70 74 50 71 62 60 
71 52 80 67 54 76 73 81 72 80 57 61 81 61 34 
79 71 57 81 76 54 75 81 62 51 81 53 76 78 25 
63 68 77 52 82 78 63 51 74 73 52 76 70 55 66 
57 56 69 73 52 51 82 53 76 77 55 65 69 72 93 
59 62 71 79 70 66 55 64 77 62 56 55 60 67 97 
64 53 72 80 56 61 62 68 56 78 79 69 56 71 75 
70 61 69 71 76 52 60 54 57 52 56 64 66 68 124 
80 58 64 77 68 76 81 72 74 74 50 66 68 52 40 
82 59 55 74 74 56 63 58 73 65 59 66 75 79 62 
62 67 66 72 57 65 79 80 71 58 69 66 82 60 46 
55 67 63 71 55 73 69 63 73 78 51 62 50 63 107 
68 55 59 59 58 77 74 74 57 77 52 63 66 64 97 
55 129 71 4 95 75 28 43 39 24 152 126 33 88 38 
