25 
25 
2 1 1 2 1 1 2 2 1 2 2 1 2 2 1 1 2 1 2 1 1 1 2 1 1 
48 39 36 48 45 32 44 41 41 34 31 42 39 49 38 30 48 47 38 41 35 46 32 48 28 
42 47 43 39 39 47 33 48 48 31 49 49 31 40 35 36 37 36 31 34 33 33 31 30 78 
46 41 45 38 43 33 30 30 44 36 31 36 38 35 40 42 32 32 45 35 36 44 30 36 102 
37 42 33 48 44 39 48 38 38 41 35 48 41 45 41 38 38 39 33 35 46 38 48 48 19 
38 39 38 35 48 32 41 50 36 33 47 30 41 40 41 49 32 37 45 49 39 48 35 44 33 
31 30 45 36 34 42 42 33 39 37 44 49 44 43 45 45 48 35 49 33 45 41 44 38 28 
42 47 41 41 48 48 50 46 46 33 38 30 50 33 37 43 48 30 46 39 35 35 47 30 17 
50 32 45 41 47 30 50 44 33 50 30 47 49 32 34 41 38 33 34 48 45 43 38 50 16 
42 42 47 38 41 36 33 50 32 46 38 31 34 34 43 45 46 47 46 39 32 33 30 46 49 
47 34 42 47 32 33 34 37 30 45 42 48 44 46 30 43 38 30 50 50 44 43 48 44 19 
34 36 35 48 47 45 45 37 49 31 47 30 39 32 45 45 31 36 33 32 35 45 49 38 56 
47 33 44 41 49 49 41 39 43 39 42 32 43 39 45 36 33 38 32 42 47 47 35 33 31 
45 42 30 42 36 30 48 43 32 37 46 41 40 41 41 40 34 42 37 32 45 41 48 50 37 
33 36 42 48 34 49 45 50 48 39 50 30 50 34 30 47 35 46 42 37 32 44 46 47 6 
31 40 47 44 34 32 32 45 44 31 30 46 47 30 41 32 33 33 48 38 50 38 43 39 72 
48 39 34 34 34 38 47 33 42 45 32 38 31 33 40 30 35 46 38 46 35 30 49 31 92 
41 34 44 39 47 48 31 40 30 36 48 46 50 32 30 45 40 48 34 41 35 49 50 36 26 
49 37 32 41 46 43 48 35 42 32 34 48 47 39 38 48 34 50 37 44 41 49 42 40 4 
38 31 37 50 33 37 45 44 34 33 46 40 40 32 31 47 49 30 34 43 45 35 36 31 79 
36 45 35 30 46 37 34 39 49 45 50 35 30 43 40 34 35 42 40 44 30 39 47 50 45 
50 34 45 40 40 30 46 45 33 46 50 33 33 49 32 44 42 44 45 40 33 33 31 43 39 
39 39 43 38 42 30 36 34 46 50 50 37 34 37 46 47 38 31 45 44 36 50 35 45 28 
39 45 46 48 37 38 31 45 44 50 32 50 34 38 48 30 44 48 36 37 50 44 43 42 1 
30 45 36 41 39 34 43 46 38 31 47 32 42 46 42 50 38 39 41 35 32 37 43 47 46 
17 71 35 5 15 88 23 8 39 69 11 52 29 78 67 13 74 61 41 42 64 15 20 14 49 
