20 
20 
3 5 1 4 4 2 3 2 4 4 2 3 2 4 5 4 1 4 1 2 
43 62 40 48 48 47 51 49 53 46 57 62 49 50 38 61 40 47 57 52 
46 42 55 53 42 40 50 58 42 53 42 54 40 61 49 41 44 42 46 100 
40 50 43 55 61 41 58 40 39 54 47 62 44 61 40 57 50 44 56 58 
50 52 56 58 58 58 48 59 49 54 47 38 61 62 42 61 38 39 57 13 
49 59 58 43 55 58 56 39 43 45 43 59 45 57 62 53 50 38 62 26 
48 56 50 49 54 46 46 56 62 60 53 47 58 40 38 56 38 52 39 52 
45 58 57 61 59 54 58 51 43 41 49 43 46 50 45 62 56 58 58 6 
51 59 46 53 54 53 47 46 40 51 48 48 45 42 52 52 57 45 39 72 
61 44 61 52 54 57 46 40 48 44 49 53 41 42 58 61 41 58 56 34 
60 46 52 41 43 58 56 54 46 39 53 61 55 38 58 53 52 39 48 48 
52 57 53 60 40 38 55 53 59 47 38 38 51 48 43 42 56 44 40 86 
42 52 45 46 59 49 39 62 43 55 56 41 51 38 55 62 45 50 57 53 
59 57 58 61 41 48 47 39 47 42 60 50 59 57 39 48 49 38 40 61 
42 56 53 58 62 51 52 43 44 57 48 48 48 52 52 43 49 54 55 33 
47 45 39 41 47 56 39 43 61 40 60 53 44 43 40 51 45 51 52 103 
52 56 44 47 60 43 46 47 45 47 59 54 48 51 41 53 49 54 45 59 
43 44 58 48 51 59 48 43 59 62 62 53 38 58 56 51 53 47 42 25 
51 41 58 52 47 45 59 53 58 42 61 62 45 62 46 48 38 53 50 29 
58 50 44 56 51 38 42 49 56 49 53 49 60 41 47 45 43 41 62 66 
61 14 30 18 14 61 57 76 63 72 15 25 72 47 99 0 107 106 39 24 
