25 
25 
1 1 2 2 2 2 2 2 2 2 2 1 2 2 1 2 2 2 2 2 1 1 2 1 2 
46 48 36 45 33 41 32 43 39 50 31 41 46 37 38 45 41 35 33 40 45 37 48 39 31 
33 34 36 47 31 39 46 47 50 45 35 39 40 46 30 35 31 30 47 42 34 47 50 47 39 
49 41 44 46 37 41 34 42 40 33 30 42 38 34 43 44 35 45 31 43 39 44 32 38 55 
47 42 49 37 31 49 46 43 44 49 39 34 34 30 35 40 47 47 31 49 41 49 39 42 6 
48 37 40 39 48 42 35 40 30 50 37 42 46 37 45 34 31 36 37 31 47 46 50 45 27 
49 41 44 38 39 34 40 39 40 33 44 45 43 47 35 32 46 47 43 31 44 43 40 37 26 
40 35 33 41 33 31 38 39 45 33 45 50 43 40 31 38 42 46 37 34 31 44 44 30 77 
30 45 48 39 39 36 49 41 39 34 45 32 36 39 47 47 32 50 30 30 31 36 34 34 77 
39 35 41 40 35 38 37 39 31 45 36 49 43 33 47 48 49 33 45 40 33 37 47 36 44 
34 38 43 44 49 50 45 49 32 32 49 47 34 38 41 31 33 42 41 36 48 47 37 30 30 
41 40 44 46 35 40 39 38 41 30 36 49 50 50 33 37 34 31 49 39 50 35 34 34 45 
30 48 34 38 44 39 32 43 32 43 46 46 47 36 36 39 43 45 49 41 43 47 42 38 19 
42 38 34 42 31 31 40 33 42 49 48 30 43 50 42 42 33 48 45 43 35 42 39 43 35 
39 45 46 50 46 36 43 31 31 33 50 30 42 40 47 32 41 41 43 50 47 31 50 49 7 
42 41 36 34 31 47 49 32 34 33 47 38 35 47 37 31 46 44 42 50 47 35 38 34 50 
38 34 35 39 46 40 30 46 32 42 30 38 38 48 44 37 35 46 40 42 33 37 47 39 64 
50 48 41 33 44 43 34 33 42 40 37 42 48 35 32 38 42 49 37 46 45 42 32 37 30 
31 42 37 35 36 34 33 44 47 46 36 32 41 37 50 47 47 41 35 38 41 30 32 42 66 
36 49 42 39 45 42 41 38 41 42 48 43 50 34 40 30 50 36 45 44 30 48 37 48 2 
30 32 30 42 37 39 44 50 50 43 50 50 33 30 35 45 39 30 38 36 40 37 48 47 45 
37 31 48 36 31 33 39 36 47 44 44 38 49 43 34 49 36 31 48 32 35 30 34 47 68 
33 48 38 49 39 38 33 36 42 43 39 49 33 43 35 50 46 35 41 37 49 44 35 41 24 
45 47 34 49 35 34 35 33 47 38 42 50 41 32 41 34 32 46 42 31 30 49 44 43 46 
50 48 43 43 47 37 46 41 33 31 46 40 30 40 41 35 36 34 38 31 40 48 50 32 40 
41 13 44 9 78 66 60 44 49 39 10 4 17 54 61 60 53 32 33 64 42 15 17 48 47 
