20 
20 
3 4 3 2 3 5 3 1 5 4 3 3 4 2 4 1 1 5 1 1 
54 59 57 56 61 41 39 40 52 53 44 45 61 44 57 52 41 58 57 29 
50 58 46 53 60 45 46 57 52 48 55 50 49 53 49 49 51 57 47 25 
40 54 50 45 53 40 62 53 57 41 62 51 57 51 61 60 45 58 50 10 
53 46 45 42 46 42 60 56 48 41 54 54 56 57 46 47 47 62 58 40 
43 39 47 55 48 44 61 39 62 49 42 46 45 38 47 61 44 62 56 72 
61 61 59 44 41 57 55 49 48 58 47 54 45 56 51 62 42 59 47 4 
47 61 47 51 41 46 58 60 52 49 57 56 49 39 42 55 47 43 39 61 
52 45 62 38 46 62 39 59 41 53 44 47 59 56 41 43 44 49 44 76 
43 50 45 62 44 59 43 40 53 47 48 46 42 62 56 57 51 55 58 39 
58 40 45 61 51 55 55 61 49 39 61 49 56 45 59 54 58 52 41 11 
51 54 41 50 55 58 38 57 52 56 39 44 43 62 47 44 62 39 61 47 
41 46 61 41 59 54 56 47 45 38 60 46 48 39 47 61 55 50 53 53 
55 55 39 51 48 62 61 46 43 59 49 62 48 49 51 56 46 51 60 9 
43 58 58 59 43 44 61 56 45 60 52 57 58 51 62 41 49 41 40 22 
43 55 48 42 47 54 48 50 39 58 56 50 54 45 38 48 43 52 60 70 
40 56 52 53 52 47 58 41 40 50 38 60 50 51 59 47 40 48 58 60 
58 46 48 57 47 51 57 43 52 38 46 39 58 39 61 62 43 50 52 53 
52 46 43 53 60 55 38 55 50 50 46 59 40 48 40 44 45 61 57 58 
61 55 57 41 40 61 62 57 53 54 40 39 52 43 43 43 40 46 44 69 
55 16 50 46 58 23 3 34 67 59 60 46 30 72 43 14 107 7 18 192 
