25 
25 
5 2 2 4 4 3 5 1 5 4 1 5 4 1 2 2 2 2 1 3 3 1 1 1 4 
38 45 33 45 39 46 46 50 35 40 30 44 38 35 35 33 41 43 40 34 30 37 36 44 63 
42 41 50 32 48 42 41 33 50 50 43 43 30 39 33 34 37 41 50 42 35 49 31 35 29 
37 49 34 40 41 44 31 39 42 31 39 33 42 40 42 42 47 50 42 33 41 40 36 30 55 
40 40 48 47 46 41 37 36 33 32 33 50 50 31 32 35 33 42 45 36 50 44 38 42 39 
50 37 31 31 41 49 31 43 38 42 31 42 44 40 48 35 33 32 38 39 45 48 41 46 45 
44 47 30 45 46 40 36 42 31 39 46 48 32 46 41 43 45 47 34 47 43 38 49 38 3 
37 31 33 33 50 35 46 37 48 36 42 43 47 50 32 37 31 35 38 48 37 33 39 45 57 
50 40 46 41 37 41 34 43 36 41 36 47 49 39 42 34 43 48 40 31 31 50 49 32 20 
31 43 43 35 49 36 46 48 45 38 34 45 47 39 46 38 46 36 31 30 33 44 43 47 27 
32 37 37 39 33 38 50 35 40 50 46 34 37 45 39 45 33 41 49 44 31 32 48 36 49 
41 46 40 31 50 37 47 40 45 48 36 33 43 38 41 44 34 42 40 43 33 35 47 34 32 
47 39 42 44 31 36 36 32 45 38 32 30 47 40 43 41 30 41 38 38 41 32 40 41 76 
39 33 39 36 32 45 48 44 44 31 31 37 49 47 35 48 44 45 50 45 30 30 44 37 37 
40 48 37 46 32 50 50 48 33 41 34 31 39 44 33 50 40 49 31 32 32 45 34 45 36 
30 50 42 40 43 42 45 44 50 34 41 41 34 35 40 34 38 49 42 30 33 46 34 40 43 
44 33 39 50 48 38 50 35 36 49 43 42 31 35 45 41 32 43 45 44 38 37 50 45 7 
38 35 44 35 34 40 36 47 45 47 41 47 47 32 39 47 34 30 41 45 36 35 39 43 43 
48 37 39 41 35 45 48 50 36 42 40 43 32 38 43 31 44 47 31 43 35 33 43 50 26 
32 46 34 44 43 33 35 34 39 31 38 49 49 43 39 39 43 45 32 40 44 32 50 43 43 
41 30 45 50 46 37 40 36 43 32 43 32 30 34 44 36 30 45 37 44 34 40 50 43 58 
48 45 34 44 31 40 47 50 32 46 32 40 39 31 36 33 48 45 38 34 34 36 32 36 69 
34 30 34 50 42 39 33 50 37 47 47 34 47 33 45 50 46 31 46 42 38 38 30 38 39 
36 35 45 49 49 43 46 43 42 47 30 48 47 36 43 32 33 32 44 39 33 31 37 33 47 
48 37 39 37 44 39 32 36 48 47 46 35 50 44 33 36 43 36 42 35 44 31 31 38 49 
33 46 62 15 10 24 9 5 27 21 86 29 0 66 51 62 72 5 36 62 119 84 29 39 8 
