20 
20 
5 5 4 5 2 4 5 5 1 3 2 1 3 1 3 3 1 1 3 3 
48 43 38 44 52 47 45 40 39 55 55 39 50 44 47 44 52 45 61 112 
39 40 48 40 44 60 62 43 61 62 50 59 61 46 55 52 57 39 39 43 
42 60 60 51 50 43 53 46 57 51 49 51 54 41 48 45 39 55 53 52 
49 53 56 45 56 51 49 40 57 56 56 52 47 51 58 43 42 40 56 43 
44 55 52 55 38 56 52 54 57 57 57 38 54 42 54 44 42 58 48 43 
47 42 52 57 59 52 41 57 57 58 55 40 47 42 50 48 39 62 46 49 
51 60 59 41 59 48 44 58 49 41 39 45 56 57 60 53 55 48 55 22 
50 44 41 41 39 56 44 43 44 53 45 46 53 55 45 61 49 50 62 79 
51 52 58 58 51 43 38 59 39 51 41 60 38 44 38 53 45 44 38 99 
62 48 62 41 49 60 55 46 42 46 42 58 39 57 40 39 49 46 59 60 
51 54 54 42 48 58 46 48 57 38 44 61 45 39 60 61 56 50 54 34 
43 44 52 51 48 52 54 50 54 58 60 62 42 38 46 38 61 59 41 47 
49 56 59 44 57 47 57 46 47 61 55 43 57 40 47 59 41 48 47 40 
54 44 50 49 43 38 53 55 48 47 62 44 48 57 50 61 58 60 61 18 
57 46 43 42 59 38 62 40 48 41 40 49 45 45 57 60 38 60 42 88 
60 47 44 60 55 43 61 48 42 56 60 54 49 44 51 40 51 50 51 34 
43 58 46 40 57 50 48 42 50 61 58 58 62 38 52 49 59 41 47 41 
43 53 44 41 45 42 51 47 41 60 51 50 49 55 46 51 60 47 55 69 
57 40 51 55 41 38 56 45 45 43 58 56 58 59 61 44 59 51 60 23 
60 61 31 103 50 78 29 93 66 5 23 35 46 106 35 55 48 47 25 4 
