20 
20 
1 2 2 1 2 1 1 1 1 1 1 2 2 2 1 2 2 2 1 2 
43 61 56 60 39 52 39 59 47 39 53 51 49 43 47 48 51 52 50 61 
47 59 40 42 40 55 51 55 38 41 42 56 59 50 38 44 57 54 43 89 
48 47 58 43 62 38 42 43 46 41 41 50 58 54 51 47 49 49 57 76 
42 52 61 43 41 58 53 56 51 45 57 56 49 46 59 61 62 42 49 17 
38 52 50 55 60 52 56 41 60 45 44 39 52 52 61 47 53 39 53 51 
60 40 60 42 46 39 59 46 48 49 59 57 41 59 48 56 40 44 47 60 
53 40 49 61 42 50 54 42 56 58 58 47 61 42 47 57 60 49 62 12 
45 42 62 57 60 58 44 41 45 49 58 42 46 40 49 42 46 43 58 73 
51 53 59 54 42 52 40 49 49 54 40 45 52 52 59 51 50 62 47 39 
43 55 42 53 59 60 60 51 56 62 39 48 61 60 60 43 40 48 51 9 
50 39 42 62 50 47 40 61 53 54 43 57 42 43 42 57 60 54 56 48 
57 55 61 46 50 41 50 58 52 47 43 54 38 43 54 58 50 57 52 34 
42 40 40 53 61 44 40 53 52 38 51 45 49 39 57 50 45 60 51 90 
48 50 53 38 46 40 46 57 52 50 62 48 59 52 54 47 42 41 42 73 
42 60 50 56 60 58 57 59 38 52 47 58 42 41 40 59 61 48 42 30 
41 38 62 59 44 41 44 53 60 51 40 42 62 56 51 47 43 44 58 64 
54 62 46 49 47 46 62 58 52 39 48 45 39 41 62 47 62 47 45 49 
55 46 39 51 38 52 54 42 62 49 40 58 58 39 57 50 38 53 53 66 
57 56 41 47 41 59 38 43 62 40 43 42 50 42 59 61 39 62 61 57 
84 53 29 29 72 58 71 33 21 97 92 60 33 106 5 28 52 52 23 2 
