20 
20 
2 2 2 2 1 1 2 2 1 1 2 1 2 1 1 2 1 1 1 1 
47 62 60 48 51 51 62 43 48 40 43 54 43 58 50 38 51 43 43 65 
44 54 49 44 41 58 42 59 52 54 40 45 54 50 55 45 58 51 56 49 
58 52 48 54 44 45 45 56 51 48 41 61 54 61 50 49 46 43 56 38 
59 51 42 44 60 47 41 59 52 54 49 59 38 49 54 53 59 56 53 21 
48 47 59 58 44 44 46 41 57 60 43 42 49 61 47 59 62 41 56 36 
52 52 58 41 42 60 45 43 51 62 38 60 40 55 46 40 53 57 58 47 
38 57 59 44 42 60 51 52 56 51 44 51 42 52 42 55 38 51 45 70 
45 38 40 52 58 55 51 48 40 58 56 41 58 55 50 47 53 46 50 59 
56 56 58 38 46 52 59 38 57 48 54 60 53 60 41 45 62 62 53 2 
57 39 56 40 60 47 62 38 41 61 48 48 38 60 61 60 57 61 40 26 
38 52 51 56 40 41 48 61 60 46 54 51 47 47 52 41 50 46 49 70 
45 50 44 55 57 42 44 50 45 51 57 49 60 48 44 53 43 62 50 51 
52 53 42 49 45 41 39 44 44 52 58 45 48 50 58 50 44 58 55 73 
55 50 44 58 38 52 39 58 55 60 60 39 48 49 44 46 60 50 58 37 
50 38 45 61 55 58 52 54 45 47 57 39 59 48 56 38 52 39 51 56 
50 43 56 39 38 57 62 55 53 53 39 40 49 57 44 38 59 61 59 48 
38 48 42 54 52 42 44 44 48 57 52 50 44 55 55 45 61 41 51 77 
58 55 51 40 58 48 59 52 44 42 58 44 46 42 39 60 41 41 38 84 
41 59 44 42 42 60 43 57 62 52 61 56 52 38 47 52 41 41 54 56 
69 44 52 83 87 40 66 48 39 4 48 66 78 5 65 86 10 50 25 35 
