15 
15 
5 1 3 3 2 5 5 4 5 1 4 5 3 2 4 
79 79 57 61 69 51 76 78 51 65 76 58 74 74 52 
80 72 51 51 64 81 77 81 82 69 59 64 70 63 36 
66 74 52 81 51 58 70 60 69 68 55 52 54 55 135 
82 51 66 64 76 68 81 82 73 51 52 54 82 58 60 
79 56 77 51 70 77 79 51 77 51 72 58 62 69 71 
64 75 77 71 56 71 57 62 55 73 76 77 82 50 54 
72 50 77 52 63 77 65 57 75 72 66 61 62 81 70 
65 53 58 73 81 72 79 67 52 55 77 60 81 79 48 
67 50 80 56 61 50 56 81 69 55 77 76 73 79 70 
50 53 76 60 61 71 82 78 77 56 81 70 77 55 53 
74 73 67 61 60 69 62 65 75 69 52 62 55 59 97 
71 74 61 60 59 76 53 63 67 70 61 81 77 59 68 
76 63 79 69 70 50 50 64 53 81 72 52 51 72 98 
50 80 82 70 76 60 61 70 79 53 81 67 77 54 40 
25 97 40 120 83 69 52 41 46 112 43 108 23 93 48 
