20 
20 
2 3 3 5 4 3 4 2 3 5 1 3 1 5 2 1 1 1 4 3 
60 38 54 38 56 45 50 47 46 49 44 44 61 55 50 47 52 46 43 75 
62 48 49 58 48 62 58 39 52 51 49 52 51 43 43 47 45 59 45 39 
61 43 39 53 53 61 49 46 40 38 42 56 53 44 39 39 55 42 53 94 
46 55 38 42 39 53 40 47 48 53 46 56 50 38 38 48 62 45 61 95 
38 48 46 42 53 55 45 50 45 45 48 46 40 60 47 44 57 55 46 90 
40 52 46 47 39 39 54 61 44 53 54 48 38 41 52 53 40 50 54 95 
41 43 52 53 48 58 58 47 41 57 59 57 57 44 58 48 50 44 40 45 
45 53 60 39 47 54 61 47 54 40 44 61 48 46 41 54 42 55 52 57 
59 38 61 58 48 41 55 44 62 51 56 61 50 41 57 54 52 43 49 20 
59 49 60 55 57 39 62 45 46 45 57 40 43 48 53 54 44 61 61 22 
54 60 40 42 42 43 42 60 47 57 52 44 57 53 51 42 56 61 62 35 
45 46 53 47 41 43 44 60 54 59 61 60 56 57 44 61 43 61 47 18 
49 50 60 50 55 44 56 52 52 39 40 55 54 57 45 59 59 60 43 21 
60 38 59 56 54 40 40 55 58 59 48 62 52 57 40 61 46 62 48 5 
50 48 48 50 50 41 40 41 59 54 41 46 53 54 62 43 46 42 50 82 
49 42 52 46 57 59 50 62 42 41 49 60 38 52 48 53 59 60 55 26 
49 58 39 60 42 55 54 50 48 53 48 47 53 41 38 47 59 48 51 60 
53 60 38 59 39 51 43 51 60 38 51 40 59 60 58 41 54 61 41 43 
49 42 62 62 40 49 53 61 58 56 55 54 57 42 45 48 45 38 61 23 
31 89 44 43 92 68 46 35 44 62 56 11 30 67 91 57 34 7 38 55 
