25 
25 
3 1 3 4 4 4 4 1 5 3 4 2 5 3 5 5 1 3 4 4 1 2 1 1 5 
37 47 34 48 36 44 46 45 33 35 44 32 49 40 35 47 36 49 44 49 34 33 31 41 31 
44 47 35 50 34 34 39 42 33 45 39 48 38 50 30 44 35 43 39 49 36 37 42 32 35 
43 43 42 32 40 49 47 30 46 43 40 37 42 33 39 43 32 41 43 38 45 46 38 49 19 
42 46 46 46 45 50 43 34 32 42 40 47 31 45 44 42 34 41 48 43 30 34 35 41 19 
48 43 46 42 48 41 47 33 44 40 48 40 40 46 33 42 33 34 38 38 46 39 40 47 4 
36 39 47 47 31 42 36 38 31 36 42 35 49 48 31 46 50 44 37 47 45 40 39 30 34 
47 42 40 48 39 32 41 30 32 50 32 37 46 39 36 45 35 48 35 30 41 34 48 34 59 
38 30 43 43 37 50 49 39 43 42 43 48 47 44 33 36 44 35 45 32 50 42 39 37 11 
35 30 44 34 46 33 39 39 49 42 30 38 30 37 48 50 36 40 34 33 40 43 30 37 83 
35 42 34 43 38 48 35 48 46 35 42 41 31 49 34 36 32 40 37 44 40 46 50 34 40 
34 39 30 30 41 47 42 35 48 48 30 50 40 36 36 45 43 38 30 46 40 31 43 45 53 
35 45 44 50 40 44 41 37 37 47 31 33 34 42 43 39 46 39 38 44 42 50 31 45 23 
38 33 32 50 44 49 42 42 44 34 37 31 45 45 42 46 47 50 38 32 50 47 43 31 8 
41 38 37 31 32 47 40 50 47 33 50 50 45 43 43 39 33 38 44 46 50 30 39 48 6 
46 31 44 43 39 41 35 44 49 31 43 41 48 32 32 36 47 39 49 30 47 38 36 32 47 
41 39 44 38 39 32 32 42 35 42 46 31 40 41 41 41 33 45 39 50 42 42 35 40 50 
43 49 34 36 42 46 47 40 42 43 30 38 42 30 43 42 40 33 32 49 47 41 48 48 15 
39 43 41 42 34 50 49 43 45 30 49 48 31 31 37 34 43 33 30 31 42 44 33 48 50 
30 30 32 35 35 30 36 47 41 47 36 36 31 42 44 49 42 43 46 37 37 44 37 44 69 
46 32 43 35 36 30 42 50 50 38 37 45 46 37 45 38 38 42 42 41 47 38 36 38 28 
42 47 48 44 44 40 35 40 44 36 32 45 37 43 36 31 31 33 32 46 33 39 34 35 73 
32 35 50 39 49 44 46 34 36 37 31 40 35 45 30 41 48 47 33 47 48 35 31 44 43 
44 36 43 39 47 30 46 49 44 44 49 33 30 47 35 41 30 34 36 46 36 50 44 36 31 
30 40 45 44 33 30 44 45 43 32 42 39 43 43 30 31 48 50 41 49 32 46 34 42 44 
54 54 22 11 51 17 1 24 6 48 57 37 50 12 100 16 64 21 70 3 0 31 84 42 125 
