20 
20 
2 1 1 1 2 1 2 1 2 1 1 1 1 1 2 2 1 1 2 1 
50 52 62 43 38 45 53 44 47 53 57 58 41 39 51 40 61 58 59 49 
46 53 40 61 57 39 45 55 60 40 43 56 42 52 43 45 38 49 42 94 
50 40 49 49 56 57 44 59 58 38 56 54 41 55 43 47 55 51 44 54 
59 53 41 57 53 56 59 42 60 40 43 61 59 42 42 38 50 45 39 61 
51 56 56 58 44 38 59 59 56 39 53 45 43 60 44 43 40 38 61 57 
54 62 57 55 57 58 60 55 43 61 54 54 41 44 57 47 43 48 42 8 
51 53 50 52 39 47 53 45 61 48 59 47 59 57 49 58 59 43 57 13 
59 41 44 45 60 56 54 59 58 60 53 43 62 62 60 41 42 42 41 18 
56 43 47 59 49 59 56 55 38 55 55 51 44 60 53 45 61 46 47 21 
43 47 39 62 57 40 60 51 51 62 39 48 56 58 60 43 49 46 50 39 
57 47 57 60 43 50 55 39 42 58 46 40 53 46 53 46 45 46 57 60 
43 52 49 50 62 62 43 56 48 51 62 50 48 41 59 48 41 46 58 31 
39 54 42 51 40 60 52 39 57 42 41 51 44 38 51 51 38 38 54 118 
60 51 51 46 51 53 40 62 57 58 57 42 49 42 45 61 53 46 42 34 
54 52 62 50 50 49 46 62 41 53 52 51 47 51 51 61 61 43 59 5 
59 56 47 43 56 53 38 52 49 54 40 47 54 47 41 58 62 59 41 44 
45 54 54 57 40 61 56 39 52 54 45 43 55 60 40 44 40 42 50 69 
50 42 49 53 43 45 54 43 56 54 53 55 42 48 50 55 59 48 55 46 
57 42 59 41 40 61 41 59 43 44 54 49 39 56 54 45 43 61 52 60 
17 50 45 8 65 11 32 25 23 36 38 55 81 42 54 84 60 105 50 119 
