15 
15 
2 5 1 1 1 2 2 4 5 1 5 1 2 4 5 
62 78 52 60 68 64 63 82 71 57 51 62 69 58 103 
59 76 70 58 52 78 66 62 72 54 57 75 61 82 78 
60 77 72 78 61 66 57 64 72 75 54 55 72 71 66 
78 81 80 81 62 59 81 82 67 61 60 82 52 62 12 
70 70 70 52 82 52 62 67 65 54 81 63 73 73 66 
66 72 62 64 66 81 57 53 67 80 74 67 82 55 54 
61 56 69 72 61 58 52 62 57 70 50 74 81 78 99 
78 69 75 75 78 51 82 52 76 72 51 68 50 82 41 
54 74 52 72 74 61 73 53 62 70 62 78 57 76 82 
60 67 73 78 75 58 50 61 82 70 71 53 66 74 62 
63 62 58 60 63 68 59 66 68 56 71 53 65 67 121 
70 78 62 51 54 68 70 79 74 66 61 73 60 74 60 
60 70 77 74 68 79 73 58 53 50 66 58 81 70 63 
81 63 60 60 64 76 80 54 82 51 50 51 64 78 86 
78 7 68 65 72 81 75 105 32 114 141 88 67 0 7 
