20 
20 
2 1 1 1 1 2 1 2 1 1 2 2 1 1 2 2 2 2 2 1 
41 40 49 49 42 52 55 58 44 52 41 39 40 58 50 45 52 44 47 102 
52 54 44 45 62 44 55 40 38 58 60 41 58 62 54 38 43 57 60 35 
47 41 41 48 42 42 46 51 46 48 59 50 54 44 49 51 52 48 38 103 
60 50 45 43 60 56 49 45 43 44 41 39 49 40 51 43 54 46 41 101 
50 47 56 57 42 56 43 41 62 55 56 59 51 48 51 47 60 50 62 7 
40 40 47 46 52 49 40 44 51 61 44 56 41 61 61 44 49 57 54 63 
62 46 56 43 55 39 53 51 53 43 49 47 48 51 61 60 61 38 54 30 
55 39 53 62 62 43 57 45 51 44 54 50 48 42 56 54 39 51 57 38 
56 38 51 50 61 45 47 48 57 38 52 44 48 59 40 61 54 49 49 53 
55 42 58 62 58 41 43 48 52 39 46 45 59 41 55 48 46 52 50 60 
59 57 46 48 38 40 43 46 56 56 44 50 60 40 58 61 61 61 59 17 
55 48 41 62 58 47 56 43 56 56 48 56 48 56 49 49 45 62 57 8 
39 55 43 52 39 53 62 61 38 58 39 40 54 44 52 44 61 52 57 57 
40 46 45 46 39 52 54 46 43 47 45 59 50 40 45 46 53 42 56 106 
51 58 38 60 50 44 55 58 62 52 47 57 58 47 60 52 50 40 48 13 
49 42 41 54 41 58 42 51 56 60 42 47 51 57 55 41 39 60 40 74 
56 57 59 46 61 43 62 62 39 53 55 50 51 39 42 55 46 44 52 28 
50 45 55 53 40 51 54 38 41 41 40 52 48 57 48 55 48 51 50 83 
60 56 56 38 60 47 41 52 56 61 62 61 38 56 39 50 41 46 62 18 
23 99 76 36 38 98 43 72 56 34 76 58 46 58 24 56 46 50 7 4 
