20 
20 
1 1 5 2 1 1 5 3 2 4 4 3 3 3 3 3 4 3 2 5 
39 43 38 48 59 45 39 57 62 52 48 48 52 43 45 45 43 49 51 94 
51 57 39 56 41 40 40 47 45 57 54 48 39 44 46 62 47 61 38 88 
51 47 58 51 41 52 39 62 39 53 61 46 52 40 60 39 60 49 47 53 
45 39 57 53 46 49 58 42 43 40 38 52 48 61 51 39 60 47 61 71 
49 54 57 59 41 59 58 40 50 41 57 38 53 55 43 58 42 57 56 33 
51 60 41 59 47 57 47 60 58 57 54 40 44 50 52 53 41 47 62 20 
60 59 48 47 60 52 39 51 41 40 57 47 59 57 57 61 50 47 62 6 
50 49 56 60 47 40 47 56 50 55 50 55 50 44 50 41 53 38 45 64 
59 44 57 52 38 61 45 39 41 57 61 50 59 60 53 48 56 48 42 30 
46 48 47 41 38 43 38 59 39 53 48 55 46 61 44 45 46 59 62 82 
38 39 57 51 53 54 55 54 57 60 57 59 60 39 51 45 52 50 38 31 
51 52 50 61 51 42 55 42 48 48 49 52 44 43 57 48 52 59 49 47 
40 55 55 44 50 58 60 42 38 40 57 61 56 61 47 39 39 53 41 64 
38 50 58 45 41 53 44 51 44 56 60 49 45 44 50 40 59 43 41 89 
51 59 62 45 46 40 55 39 62 61 42 61 58 42 56 51 59 48 51 12 
61 61 58 54 38 47 39 39 50 56 47 47 47 61 56 39 47 38 42 73 
53 55 45 46 44 45 41 44 62 48 48 62 59 56 62 51 50 50 41 38 
43 62 51 55 53 46 53 55 62 47 59 47 59 43 45 54 44 56 47 19 
50 59 55 62 61 50 48 47 45 44 52 40 40 40 45 39 50 57 40 76 
74 8 11 11 105 67 100 74 64 35 1 43 30 56 30 103 50 44 84 10 
