15 
15 
1 1 2 2 1 2 2 1 2 1 1 2 1 2 1 
63 50 57 66 71 66 77 82 75 51 53 71 76 79 63 
72 51 60 81 65 72 79 72 70 68 66 52 78 79 35 
79 72 80 72 65 61 72 58 65 60 76 78 55 80 27 
60 72 75 53 58 51 52 81 65 77 76 70 67 51 92 
59 81 80 79 62 61 73 81 60 70 60 52 78 74 30 
78 63 72 79 59 75 61 69 77 61 72 81 74 58 21 
59 59 60 79 79 73 50 79 51 76 78 51 60 66 80 
68 74 70 66 76 80 72 56 81 71 79 69 82 53 3 
52 50 76 78 80 70 65 74 51 69 53 63 79 79 61 
82 75 72 73 79 51 75 66 65 53 57 70 52 53 77 
72 53 70 65 59 52 65 59 79 74 59 74 67 78 74 
60 50 61 52 61 50 73 51 64 67 63 59 50 53 186 
58 58 51 67 82 59 57 57 52 68 82 72 55 74 108 
62 75 72 56 78 64 59 65 78 73 54 52 52 67 93 
76 117 44 34 26 115 70 50 67 62 72 86 75 56 50 
