15 
15 
1 1 2 1 1 2 2 1 1 2 1 1 2 1 2 
75 69 81 56 65 53 68 73 65 53 75 65 60 52 90 
77 62 70 63 69 77 76 74 54 79 71 82 59 54 33 
61 79 77 78 57 69 61 74 63 57 76 54 76 77 41 
61 81 63 78 70 56 64 53 72 68 76 81 77 77 23 
63 50 59 63 55 63 80 72 76 62 68 70 80 78 61 
78 57 56 70 75 66 57 69 81 76 52 59 61 63 80 
68 78 54 74 67 81 80 57 59 65 76 55 80 50 56 
56 59 74 70 73 82 52 65 76 74 71 77 57 77 37 
58 55 57 65 54 59 74 79 76 50 69 70 55 51 128 
77 73 64 55 69 82 74 66 58 53 51 76 81 81 40 
81 73 65 50 72 63 82 58 64 81 74 62 81 72 22 
68 58 59 57 72 65 66 80 74 56 66 54 73 50 102 
64 51 62 61 71 54 71 75 70 76 77 74 62 51 81 
72 55 68 55 50 78 80 72 56 52 75 65 74 74 74 
41 100 91 105 81 52 15 33 56 98 23 56 24 93 132 
