20 
20 
2 2 1 1 2 2 2 1 2 2 1 1 2 1 1 2 2 1 2 2 
42 62 44 56 61 61 50 38 41 46 45 46 47 48 51 55 40 46 58 63 
55 58 48 39 50 40 54 46 53 56 54 50 62 55 54 44 42 48 53 39 
50 41 62 56 47 50 42 48 55 48 57 62 61 42 45 41 61 54 57 21 
55 57 56 56 62 56 50 56 59 41 38 61 40 46 47 49 40 62 46 23 
44 61 51 60 38 38 57 54 59 56 41 46 42 57 60 46 50 43 47 50 
56 45 46 49 56 54 38 46 39 51 43 48 61 60 52 51 52 60 54 39 
46 55 45 61 54 58 57 56 48 48 54 48 40 51 53 42 61 55 58 10 
43 39 38 39 52 52 51 44 52 59 47 45 40 52 59 38 58 52 38 102 
54 42 46 50 55 62 45 52 43 58 53 58 51 47 53 38 54 46 56 37 
57 54 57 50 55 39 40 53 43 49 45 53 58 41 41 57 55 47 39 67 
39 44 54 41 51 57 44 43 52 46 45 57 54 40 62 38 46 40 39 108 
39 40 51 50 41 50 48 55 59 51 52 42 41 51 43 44 46 44 52 101 
58 57 54 62 39 53 38 39 53 60 55 40 62 52 61 60 38 48 42 29 
52 40 42 57 48 38 43 52 61 46 38 47 52 60 38 48 54 49 55 80 
56 53 56 60 39 44 51 38 55 40 43 57 46 39 50 55 52 47 57 62 
55 58 52 53 46 58 40 61 41 55 52 54 40 43 42 59 50 50 42 49 
42 58 44 55 42 59 51 62 48 57 61 50 62 62 53 50 41 59 39 5 
62 57 43 49 53 51 58 41 58 59 48 46 40 39 40 40 55 38 42 81 
52 58 61 54 53 60 59 50 50 57 52 56 44 40 41 60 43 49 45 16 
43 21 50 3 58 20 84 66 31 17 77 34 57 75 55 85 62 63 81 18 
