25 
25 
1 2 2 2 1 2 2 1 1 2 1 2 2 2 2 2 2 2 1 2 1 2 1 2 2 
36 35 50 34 40 50 47 35 44 36 49 45 43 49 48 43 34 44 32 45 47 30 31 35 18 
35 42 34 33 36 32 30 37 31 46 47 47 48 40 41 32 36 48 34 31 44 31 38 33 94 
44 30 49 30 43 40 30 40 42 32 33 32 33 34 37 37 36 46 40 39 31 33 50 30 109 
43 45 50 30 36 35 31 48 44 46 40 30 38 46 44 38 32 40 49 49 36 47 40 47 16 
32 43 37 44 46 38 46 33 30 31 38 48 34 40 37 43 46 35 42 39 50 36 42 45 45 
43 33 35 49 35 50 45 50 48 38 38 38 50 40 33 43 33 50 32 46 39 49 32 30 21 
36 49 37 43 39 43 50 34 41 34 36 42 49 42 34 33 47 47 49 48 43 40 39 36 9 
46 43 48 38 45 43 48 49 47 40 40 33 39 34 44 32 42 40 40 47 44 42 37 38 1 
49 45 37 41 41 36 41 46 42 48 45 44 30 30 50 41 32 47 33 41 37 31 49 30 34 
30 36 46 41 50 33 47 45 48 46 31 46 48 48 37 49 30 32 48 35 44 33 30 49 18 
37 46 35 35 31 36 42 49 49 40 35 41 46 36 40 37 40 43 48 43 42 37 32 32 48 
45 37 46 48 49 38 41 50 39 32 31 46 33 34 43 32 45 41 43 47 48 37 32 40 23 
45 43 41 33 46 32 49 44 32 41 44 47 46 46 30 37 36 48 35 40 34 32 33 33 53 
38 39 47 47 35 38 48 30 36 44 47 30 50 44 35 31 49 43 35 47 32 45 36 48 26 
49 50 32 43 35 47 45 45 40 40 48 43 30 46 38 35 38 36 37 40 40 48 50 32 13 
41 43 34 40 45 45 46 49 42 33 37 45 38 35 45 44 45 36 30 46 36 38 49 34 24 
36 35 47 32 37 45 46 35 41 48 30 35 35 35 46 39 44 32 35 40 30 45 31 36 85 
41 31 34 47 43 48 36 44 39 44 44 37 37 42 37 42 49 48 35 32 34 39 42 42 33 
50 33 30 34 32 36 34 32 31 47 38 41 49 48 48 38 45 37 42 36 44 47 30 30 68 
43 32 43 36 42 36 49 35 30 48 50 39 36 37 40 43 31 45 35 30 46 42 48 37 47 
40 49 32 44 44 47 34 45 35 39 33 48 44 45 47 32 42 37 39 49 43 31 43 31 27 
49 45 30 38 32 40 36 33 49 37 32 40 45 39 38 38 50 39 32 36 45 32 40 34 71 
31 33 30 38 50 48 33 37 46 41 45 37 39 31 32 42 40 37 43 35 39 49 50 41 53 
38 39 44 41 46 41 36 38 30 44 38 32 31 49 46 45 37 42 31 32 42 35 49 30 64 
23 44 52 61 22 23 10 17 44 25 51 34 29 30 30 74 41 7 81 27 30 71 47 127 0 
