15 
15 
4 2 2 2 1 4 1 4 4 3 3 1 5 1 5 
71 61 54 66 62 58 75 65 67 69 70 57 69 68 88 
79 56 54 82 56 76 54 73 69 81 50 81 63 68 58 
76 63 55 72 68 71 50 62 57 53 57 56 67 58 135 
58 82 52 73 78 59 58 55 53 71 55 72 72 81 81 
64 50 57 78 55 82 76 73 73 65 81 82 56 50 58 
76 62 78 66 82 56 77 59 75 66 64 58 78 82 21 
77 77 60 56 65 58 81 72 81 60 58 64 68 81 42 
50 75 79 68 66 67 73 64 53 54 50 52 59 69 121 
50 73 69 69 52 54 79 70 74 60 69 52 61 62 106 
68 73 80 73 57 59 67 81 81 66 78 65 65 67 20 
56 57 54 82 62 55 70 82 63 78 80 81 79 69 32 
57 56 58 63 74 65 56 81 65 69 78 70 67 63 78 
69 76 81 74 54 58 52 70 76 74 50 80 68 63 55 
55 61 53 76 56 78 70 51 71 59 67 60 71 67 105 
94 78 116 2 113 104 62 42 42 75 93 70 57 52 0 
