15 
15 
1 2 2 1 1 2 1 2 2 1 2 2 1 2 2 
51 73 70 74 65 69 70 53 74 58 66 50 76 80 71 
69 61 64 64 74 77 72 57 79 78 52 79 72 55 47 
78 75 71 61 66 71 73 79 82 58 66 53 80 61 26 
61 78 72 71 82 66 74 71 60 78 70 57 66 78 16 
59 74 77 78 66 52 70 59 53 58 69 67 67 67 84 
78 82 65 70 76 75 69 78 65 63 66 58 51 71 33 
60 50 72 65 78 60 50 67 51 73 76 64 61 71 102 
80 64 65 51 62 56 79 75 73 61 77 75 75 55 52 
77 50 80 73 82 66 56 56 80 73 61 75 67 56 48 
63 80 73 52 52 63 57 61 74 52 51 58 55 58 151 
75 80 55 65 55 71 77 54 68 55 82 60 51 78 74 
57 74 71 52 58 61 61 82 51 74 82 55 58 68 96 
63 80 74 81 52 82 50 65 81 69 59 73 56 74 41 
50 51 75 60 74 51 53 74 71 69 74 51 55 79 113 
79 28 16 83 58 80 89 69 38 81 49 125 110 49 46 
