15 
15 
1 2 3 4 5 4 1 3 5 4 3 2 3 2 2 
73 50 58 59 54 52 54 50 64 79 59 69 69 54 156 
54 78 75 73 58 73 76 60 61 77 65 58 70 55 67 
57 70 57 67 57 55 73 70 71 62 57 62 77 73 92 
67 80 63 71 76 55 52 61 74 74 56 52 68 80 71 
66 70 65 63 82 76 71 72 56 66 74 56 62 69 52 
76 52 74 77 68 78 63 62 66 78 53 64 81 74 34 
79 80 51 82 78 71 82 51 58 61 60 53 81 77 36 
78 66 53 73 53 58 73 53 60 66 60 76 81 61 89 
79 64 64 78 77 60 71 58 55 68 79 68 55 66 58 
52 75 75 73 59 64 72 81 66 54 50 56 55 65 103 
73 76 55 54 66 65 76 77 56 82 63 72 62 76 47 
55 64 63 54 74 76 66 57 60 50 55 76 65 53 132 
81 69 68 75 51 79 66 74 58 78 76 63 78 74 10 
80 82 56 65 77 62 69 72 76 50 72 66 73 71 29 
30 24 123 36 70 76 36 102 119 55 121 109 23 52 24 
