20 
20 
2 1 2 1 1 1 2 1 1 2 1 1 1 1 1 2 2 2 2 2 
55 53 51 40 60 45 43 46 48 50 38 59 62 51 44 45 46 43 50 71 
43 48 59 50 38 56 52 52 60 55 57 47 47 57 61 52 39 54 60 13 
56 50 42 46 46 58 56 50 50 61 46 47 43 40 61 53 42 51 56 46 
57 43 57 51 58 41 47 40 39 51 43 43 54 45 50 55 61 45 58 62 
47 49 57 61 62 62 52 51 39 39 60 45 41 54 55 45 48 49 57 27 
46 45 46 52 42 39 42 56 39 61 38 62 62 47 48 56 40 54 43 82 
38 46 59 56 51 53 49 56 49 47 44 43 55 45 47 50 53 49 50 60 
42 52 58 60 62 42 61 42 45 57 53 53 50 58 38 48 41 45 38 55 
60 42 41 50 47 49 43 60 54 62 46 42 45 41 40 38 51 45 56 88 
50 44 38 51 56 57 51 61 52 38 47 58 53 46 46 54 39 62 55 42 
39 53 48 49 54 58 45 44 58 59 43 47 47 52 61 52 49 61 58 23 
50 52 55 51 53 43 55 50 45 39 59 59 41 53 48 46 57 46 45 53 
59 42 60 40 52 58 46 55 58 41 51 56 59 58 41 61 53 42 62 6 
53 52 58 41 46 41 49 40 43 47 62 43 57 62 49 47 46 47 47 70 
40 54 41 57 57 55 56 49 48 52 39 45 62 47 61 57 41 53 57 29 
55 43 53 60 49 61 39 60 39 60 53 43 51 51 60 43 51 59 50 20 
45 47 59 47 43 55 56 51 46 38 47 49 53 40 50 43 39 44 57 91 
53 42 51 41 57 39 50 47 48 40 39 62 56 56 41 40 59 58 47 74 
58 50 60 44 46 51 49 43 62 50 59 46 58 45 45 53 39 50 50 42 
54 93 7 53 21 37 59 47 78 53 76 51 4 52 54 62 106 43 4 46 
