15 
15 
1 1 2 2 1 1 2 1 1 2 2 2 2 1 1 
58 57 62 58 64 72 64 76 62 63 69 51 73 76 95 
59 68 72 68 75 66 79 53 59 79 78 81 73 56 34 
60 51 79 51 60 67 61 50 71 76 79 77 75 58 85 
82 82 56 66 71 65 73 80 77 75 50 72 73 51 27 
61 55 70 69 61 77 80 74 59 54 67 58 70 67 78 
70 54 52 82 74 61 81 60 61 77 73 70 79 63 43 
70 60 82 66 69 62 75 74 62 74 80 54 62 66 44 
64 50 57 68 80 67 71 69 77 71 51 77 76 68 54 
80 78 60 79 72 64 53 75 75 55 66 51 75 77 40 
57 73 68 57 53 71 64 73 65 66 81 64 64 63 81 
64 82 59 76 77 51 64 61 71 67 71 53 53 81 70 
72 57 73 67 50 79 61 68 70 53 74 53 72 51 100 
54 69 66 54 82 58 64 69 74 70 59 79 67 69 66 
74 59 68 74 56 72 65 54 75 57 69 51 75 69 82 
75 105 76 65 56 68 45 64 42 63 33 109 13 85 101 
