15 
15 
5 1 5 2 3 4 3 2 3 3 4 2 1 5 3 
58 72 63 53 76 68 73 70 81 80 76 79 53 55 43 
73 67 55 50 71 51 50 60 73 70 76 62 81 59 102 
63 58 80 66 80 62 78 62 77 58 55 82 50 72 57 
69 56 71 64 53 57 56 73 69 65 71 81 53 56 106 
64 55 50 74 61 56 81 69 59 75 64 53 70 79 90 
78 54 77 77 70 68 59 61 60 75 80 66 66 79 30 
66 65 53 64 81 64 57 80 69 67 55 68 78 79 54 
73 67 72 55 73 74 68 51 62 50 75 78 76 57 69 
54 56 70 55 64 52 59 80 82 70 69 59 82 66 82 
63 62 58 76 82 76 62 77 72 62 59 78 53 66 54 
59 56 52 67 81 64 82 50 72 56 80 58 69 60 94 
60 75 67 70 56 73 69 69 76 79 68 76 53 82 27 
68 63 51 67 60 76 70 55 59 71 54 65 82 55 104 
81 65 54 63 72 73 70 82 57 66 54 64 80 79 40 
71 129 127 99 20 86 66 61 32 56 64 31 54 56 48 
