15 
15 
5 2 5 4 1 1 5 2 3 5 3 2 4 3 2 
77 65 53 65 69 58 68 73 51 68 73 78 66 66 70 
80 56 69 53 52 80 77 58 67 67 51 62 78 50 100 
75 70 63 62 51 73 72 73 74 76 73 63 52 72 51 
73 80 70 79 57 51 64 82 59 51 64 69 81 58 62 
67 50 71 53 64 53 56 70 74 77 73 69 74 79 70 
69 73 77 67 66 75 79 61 62 77 60 55 52 69 58 
82 76 82 65 52 73 70 52 64 67 60 71 72 56 58 
81 53 81 78 76 56 58 62 71 78 53 69 66 54 64 
53 61 58 54 59 81 58 69 79 57 63 64 74 64 106 
54 70 72 59 80 80 53 78 82 60 80 75 77 68 12 
52 67 70 66 75 64 57 67 69 79 70 55 67 64 78 
51 60 55 75 55 77 59 76 63 66 65 65 81 79 73 
72 80 62 74 73 56 65 59 63 78 51 81 64 55 67 
56 80 70 77 74 60 73 72 75 74 56 82 77 67 7 
58 59 47 73 97 63 91 48 47 25 108 42 19 99 124 
