15 
15 
2 1 2 1 2 1 2 2 2 1 2 2 1 2 2 
71 73 68 74 81 81 71 62 60 50 68 58 61 54 68 
54 65 57 56 79 75 52 82 55 56 80 51 65 77 96 
61 60 51 50 78 75 55 79 72 51 65 79 64 72 88 
72 82 73 79 73 55 67 54 51 81 50 64 79 80 40 
53 67 50 62 69 60 67 52 81 62 55 77 77 67 101 
52 66 66 62 80 56 81 64 56 53 82 64 81 71 66 
69 78 54 67 65 69 68 72 61 73 72 74 79 57 42 
73 64 56 82 59 60 82 64 69 71 79 55 66 79 41 
72 52 81 54 50 76 72 70 64 67 82 82 54 52 72 
81 62 65 53 73 53 69 50 72 75 74 67 80 59 67 
51 64 60 67 74 59 56 66 67 72 73 77 74 55 85 
67 71 75 55 57 59 74 57 71 61 69 74 75 64 71 
72 53 66 60 80 51 76 72 66 79 61 76 64 52 72 
57 55 72 57 76 78 77 50 64 64 57 65 81 79 68 
95 88 106 122 6 93 33 106 91 85 33 37 0 82 23 
