25 
25 
3 1 5 5 2 4 3 3 3 1 1 1 5 4 1 3 5 4 5 2 1 4 3 1 4 
32 49 31 48 44 42 49 35 39 31 37 42 32 35 49 46 40 47 47 35 32 34 46 50 28 
43 38 43 37 38 39 43 35 48 37 48 30 36 40 33 44 43 41 36 33 44 37 48 31 55 
34 49 31 42 42 36 46 30 31 42 35 37 48 33 32 50 49 32 49 30 30 46 48 31 67 
49 39 40 42 31 37 45 39 32 50 47 37 41 40 33 39 40 36 48 46 48 42 36 50 13 
32 38 47 38 47 34 44 39 35 41 41 48 32 50 48 44 43 31 47 50 45 41 38 45 2 
49 38 35 43 41 49 39 36 32 34 33 45 45 32 50 50 46 43 34 34 39 41 45 43 24 
43 42 43 44 44 44 40 30 47 45 32 44 45 39 33 38 39 34 36 37 45 36 31 35 54 
48 30 48 49 36 33 47 46 38 43 44 48 32 30 31 35 32 46 35 30 33 44 44 31 67 
31 45 48 49 50 47 45 33 33 42 45 33 46 49 41 34 34 36 32 47 47 39 44 41 9 
31 47 43 44 37 38 39 31 32 49 41 33 42 36 41 50 31 43 49 32 32 31 46 35 67 
30 42 45 35 33 47 39 49 48 44 41 48 31 30 38 45 47 36 46 34 36 42 35 38 41 
43 48 34 43 41 50 37 50 45 39 47 31 38 41 44 36 31 36 33 35 46 48 39 40 25 
45 30 41 41 30 32 43 39 47 46 34 30 47 42 45 39 44 32 44 34 47 50 38 42 38 
34 49 31 38 43 42 45 32 43 49 44 37 36 33 32 44 41 37 33 37 31 37 45 45 62 
47 41 44 48 31 41 44 44 34 34 40 30 37 50 43 43 42 43 40 40 36 43 33 44 28 
35 49 38 45 43 32 33 49 47 30 41 46 50 36 39 37 48 39 35 43 38 35 45 41 26 
39 46 33 36 44 37 45 40 38 38 45 45 33 34 41 47 30 43 38 33 32 38 35 46 64 
39 38 40 46 47 45 34 41 31 30 49 44 47 31 44 31 38 49 48 40 49 39 49 39 12 
48 35 32 42 50 40 36 36 34 45 41 50 44 46 45 48 36 43 45 43 33 43 48 36 1 
48 32 40 31 36 41 36 47 49 34 30 45 44 42 33 30 32 37 40 44 49 49 43 49 39 
43 47 40 34 36 38 43 50 30 37 36 32 47 33 30 30 36 41 48 40 49 38 31 36 75 
34 43 39 33 41 38 31 39 35 32 36 37 41 40 39 34 38 43 37 44 44 32 43 45 82 
45 32 48 31 50 46 45 40 34 50 43 44 42 33 38 34 39 34 32 31 32 39 39 39 60 
47 40 40 32 45 39 35 32 44 50 46 30 34 36 39 46 41 33 43 44 44 49 42 47 22 
31 13 46 29 20 33 17 58 74 28 24 54 30 89 59 26 60 65 25 84 39 27 9 21 39 
