20 
20 
1 3 1 1 3 2 3 3 2 1 3 1 2 5 1 2 1 4 3 4 
41 44 47 54 42 44 42 59 57 42 59 45 59 58 54 58 43 47 45 60 
48 61 45 59 43 46 46 41 56 50 45 42 53 61 61 50 45 39 58 51 
38 55 41 55 49 44 52 43 46 56 47 61 46 62 45 48 46 59 53 54 
53 52 44 44 56 38 56 44 53 54 52 38 46 56 43 60 50 47 59 55 
47 57 42 46 40 61 62 54 46 48 62 38 52 44 53 50 54 59 51 34 
49 44 40 44 49 61 60 60 53 62 61 40 62 49 57 54 38 47 39 31 
55 52 60 48 41 43 50 48 57 45 50 58 50 58 53 48 49 60 58 17 
52 38 62 41 50 41 56 58 57 53 43 53 57 60 62 53 60 48 38 18 
38 54 57 54 38 53 48 58 52 42 38 50 40 45 60 50 51 55 44 73 
60 60 54 42 51 56 50 45 53 43 53 38 60 44 40 48 54 57 57 35 
53 41 57 38 43 47 43 45 41 43 50 49 62 45 61 61 49 52 55 65 
39 61 58 38 51 43 51 59 55 43 51 57 59 47 60 50 50 47 56 25 
42 52 61 61 40 53 43 38 60 47 57 49 59 54 55 49 41 42 43 54 
62 47 40 55 50 40 56 39 52 41 39 54 60 62 42 38 50 43 47 83 
45 52 47 62 52 56 40 51 52 56 43 42 43 38 41 54 39 50 51 86 
59 56 54 58 61 47 59 52 43 56 62 60 43 49 38 43 47 52 53 8 
56 45 62 49 47 40 44 50 55 58 41 39 46 60 49 51 39 38 61 70 
56 57 45 49 45 56 58 61 58 49 56 53 44 59 53 45 39 38 61 18 
62 45 40 38 57 39 55 41 53 60 40 62 52 38 50 61 49 42 38 78 
45 27 44 65 95 92 29 54 1 52 51 72 7 11 23 29 107 78 33 85 
