20 
20 
1 2 1 2 1 2 2 1 2 1 2 1 1 1 2 1 2 1 1 1 
56 44 62 45 57 52 49 57 43 42 42 52 52 55 40 40 61 50 61 40 
42 48 57 43 44 50 50 38 41 61 53 59 62 46 58 57 55 53 62 21 
55 40 54 45 62 56 62 45 52 60 38 40 59 59 40 48 60 54 62 9 
39 48 49 47 42 42 56 56 44 56 48 58 46 48 59 58 47 54 46 57 
38 57 45 59 44 55 50 55 43 56 43 45 54 44 48 42 38 53 56 75 
45 51 38 54 44 44 43 51 46 40 47 40 51 39 38 57 51 50 62 109 
61 60 51 40 40 41 44 45 47 62 43 53 50 55 44 52 61 54 57 40 
43 62 57 49 62 62 54 54 56 43 61 38 40 45 50 61 59 47 52 5 
62 53 58 45 44 59 59 46 59 55 58 51 39 47 61 40 60 52 42 10 
62 40 54 56 42 52 52 61 61 47 53 39 57 50 51 38 54 49 39 43 
39 57 47 44 59 50 46 52 38 45 41 48 50 44 53 42 52 55 62 76 
39 38 47 53 46 60 53 60 62 44 45 62 60 59 49 39 47 59 57 21 
47 56 41 42 44 59 38 45 52 47 49 38 44 41 60 56 47 46 49 99 
41 44 39 46 38 51 40 41 53 61 61 51 52 62 48 53 39 52 45 83 
47 43 55 44 47 54 55 54 51 58 47 57 43 47 61 52 45 55 47 38 
61 44 42 52 49 48 48 38 60 47 55 52 59 50 49 58 43 57 44 44 
43 61 55 40 61 59 44 38 38 45 50 40 60 56 44 61 53 41 47 64 
47 50 53 50 55 39 58 43 47 44 55 56 44 54 59 40 49 61 42 54 
56 40 51 49 39 42 62 51 47 50 53 44 48 41 59 61 38 58 61 50 
77 64 45 97 81 25 37 70 60 37 58 77 30 58 29 45 41 0 7 62 
