25 
25 
3 2 3 1 4 5 2 2 3 4 2 1 1 4 1 2 5 2 3 4 4 4 2 4 5 
30 39 50 31 33 50 43 33 40 33 41 35 48 39 47 48 42 45 41 36 32 44 34 30 56 
49 45 49 41 36 36 41 34 31 46 46 30 42 44 32 31 41 32 40 30 45 39 38 47 55 
43 31 33 33 40 35 41 33 32 42 46 43 47 47 32 44 42 31 44 43 46 36 46 48 42 
34 35 50 35 32 49 31 36 50 33 32 49 41 38 30 38 42 41 36 39 33 44 33 33 86 
50 43 33 44 35 43 30 46 50 46 41 43 33 37 32 42 35 42 47 46 31 35 41 32 43 
47 45 36 38 40 48 31 50 33 32 32 43 32 46 45 42 39 49 45 40 35 46 45 34 27 
48 47 48 36 40 50 34 45 47 41 47 33 42 34 50 31 39 31 44 46 50 42 30 43 2 
35 33 34 38 50 41 39 34 48 39 45 40 39 32 50 36 36 35 32 39 41 34 34 42 74 
46 42 48 45 30 36 40 42 45 37 33 44 33 43 30 47 47 40 50 45 47 47 34 48 1 
44 44 45 34 50 40 34 48 40 45 42 42 46 42 41 30 35 37 45 36 41 36 45 33 25 
31 40 37 31 38 45 44 39 36 43 33 45 46 33 32 34 35 41 48 44 33 39 36 43 74 
39 40 46 40 36 49 46 43 36 31 42 30 48 36 36 44 36 48 32 40 46 33 35 47 41 
36 38 34 49 30 39 41 49 36 45 36 45 48 40 45 35 38 34 34 46 35 48 43 39 37 
30 49 33 46 44 30 43 44 46 33 40 32 34 30 41 40 47 40 37 43 50 50 42 49 27 
31 31 33 36 31 35 37 47 33 47 38 31 34 47 40 42 36 46 48 37 45 30 49 45 71 
40 35 44 34 50 50 43 39 50 34 38 42 48 43 30 41 41 32 31 30 39 49 47 39 31 
44 48 36 42 48 43 35 38 39 33 47 43 31 49 32 48 39 32 37 44 35 44 49 33 31 
40 35 43 48 32 44 32 32 37 34 40 50 31 48 50 39 30 40 33 47 43 32 42 41 57 
48 50 37 48 49 30 43 46 32 50 39 49 44 36 30 34 40 44 49 48 40 46 34 33 1 
40 34 43 38 33 46 47 36 49 39 44 41 49 43 48 36 37 34 36 43 38 46 37 37 26 
34 42 37 33 50 39 40 44 50 43 43 36 44 45 43 35 42 40 36 38 50 40 35 37 24 
50 39 41 32 37 36 45 37 45 37 48 44 32 47 39 39 35 42 37 47 45 35 39 47 25 
48 45 34 46 50 36 40 37 42 50 41 32 39 30 32 31 50 48 46 30 48 32 36 44 33 
35 42 42 41 32 40 46 31 39 37 40 41 31 40 33 48 46 47 41 48 35 41 46 38 40 
28 28 34 61 54 10 54 37 14 50 26 37 38 31 80 65 50 49 31 15 17 32 50 38 71 
