20 
20 
2 1 2 2 2 1 1 2 2 1 2 2 1 1 1 1 1 2 1 2 
45 54 48 56 58 47 59 43 40 58 61 61 50 57 45 55 39 54 43 27 
57 48 39 58 48 38 45 48 54 42 41 61 52 57 51 40 62 59 43 57 
47 39 54 55 53 38 46 58 40 46 48 40 46 49 44 43 52 45 61 96 
49 41 38 40 38 51 41 51 53 52 45 59 48 60 53 49 58 51 47 76 
42 54 52 62 57 52 45 45 59 52 59 42 42 42 41 55 45 56 52 46 
62 59 50 38 52 58 41 50 58 61 41 56 54 44 43 54 48 49 51 31 
42 54 41 38 59 60 47 49 51 59 40 60 60 44 42 53 42 61 52 46 
53 51 39 45 59 58 55 47 53 43 55 45 43 50 45 47 41 52 41 78 
40 47 61 58 57 62 45 41 39 49 62 40 43 47 61 59 43 56 50 40 
41 47 52 56 46 50 55 51 59 42 42 53 48 60 51 57 50 50 61 29 
45 56 58 47 46 39 42 59 51 57 49 50 46 46 47 46 48 53 38 77 
59 62 48 61 51 38 43 48 41 38 40 54 39 53 62 54 62 52 55 40 
58 57 53 45 40 40 43 55 38 41 42 44 54 44 40 54 41 42 59 110 
42 44 49 51 51 44 59 58 56 59 58 59 53 48 39 51 58 54 59 8 
46 57 53 54 56 38 56 58 54 52 49 54 62 55 47 48 49 43 51 18 
45 42 42 60 57 62 45 57 55 47 61 56 54 53 46 43 58 46 54 17 
51 55 57 51 61 53 50 51 55 56 48 41 56 53 43 38 57 42 62 20 
44 38 52 61 51 61 48 61 43 48 61 48 44 40 49 49 53 40 44 65 
46 49 49 60 55 52 53 45 59 58 48 54 48 59 50 47 44 48 41 35 
86 46 65 4 5 59 82 25 42 40 50 23 58 39 101 58 50 47 36 84 
