25 
25 
3 2 3 3 5 5 5 1 1 1 5 2 5 2 4 1 1 1 3 3 3 3 4 4 3 
35 45 41 47 36 48 31 44 33 36 31 48 42 48 50 42 38 49 43 31 31 46 40 49 16 
41 42 44 42 31 40 48 49 50 34 30 32 30 33 34 48 50 45 35 37 38 37 42 47 41 
36 49 33 32 30 37 31 38 33 39 41 50 33 46 46 33 45 47 37 42 30 40 38 34 80 
46 34 47 40 39 41 42 36 49 50 32 32 38 38 36 43 44 44 44 36 39 45 42 42 21 
34 35 34 38 36 30 39 30 43 33 31 48 40 40 49 30 45 47 42 37 31 38 36 42 92 
48 34 49 46 45 42 45 42 50 38 48 44 32 45 32 30 31 42 39 46 49 40 42 30 11 
31 40 50 44 43 37 42 45 50 49 34 36 37 33 41 32 47 37 49 47 38 33 38 46 21 
39 35 50 37 32 48 40 45 43 40 45 39 39 43 33 49 40 35 40 37 44 48 35 46 18 
46 40 46 47 30 45 30 45 32 36 31 35 46 38 49 36 44 38 49 39 41 39 34 42 42 
48 37 46 42 44 38 48 40 38 45 34 47 32 38 32 46 46 39 46 45 30 50 35 30 24 
49 50 30 45 32 46 42 50 45 32 32 39 43 48 48 47 34 32 41 45 46 40 31 43 10 
47 43 43 50 31 36 46 30 30 43 34 40 34 33 41 38 46 50 44 41 30 40 37 37 56 
47 32 47 34 44 40 49 38 49 44 44 37 30 34 36 35 42 49 41 31 46 35 42 47 27 
48 45 31 32 37 35 36 42 46 42 32 31 40 50 42 44 33 31 32 48 50 40 47 36 50 
35 32 37 34 48 36 40 50 30 48 50 34 47 34 42 36 48 43 33 35 43 42 43 30 50 
42 30 35 32 49 40 33 37 43 46 41 45 35 46 44 49 39 47 38 49 36 50 31 35 28 
36 42 48 48 42 36 46 32 36 41 47 35 45 41 45 35 46 39 39 31 50 50 46 30 14 
41 33 42 46 49 32 32 36 40 43 47 30 32 50 38 33 50 47 30 48 47 45 48 45 16 
32 48 34 34 41 45 40 46 35 43 34 49 35 42 41 30 42 32 49 50 43 43 50 47 15 
47 45 40 31 47 50 37 30 39 41 42 41 45 48 33 32 35 31 35 45 38 36 45 44 43 
44 44 45 45 32 39 36 36 39 39 42 48 49 46 42 39 42 31 42 34 40 45 50 43 8 
34 40 33 45 43 49 49 50 30 36 35 31 34 38 43 37 34 47 38 34 48 33 35 49 55 
42 36 39 50 37 44 34 50 30 36 44 41 46 31 33 30 45 46 49 39 50 45 40 49 14 
30 36 50 33 50 46 36 38 43 50 44 45 35 47 45 40 30 44 38 32 42 33 41 30 42 
22 53 6 26 52 20 48 21 44 16 75 43 81 10 25 86 4 8 27 41 20 7 32 27 206 
