25 
25 
2 4 3 3 5 1 2 4 4 4 2 5 3 4 1 3 3 1 5 4 2 1 2 1 2 
43 44 31 45 47 41 43 47 31 40 39 40 34 31 41 33 33 48 47 43 44 39 44 42 30 
43 46 42 48 47 34 48 42 31 31 44 30 43 42 44 49 44 45 35 37 36 41 49 39 10 
47 30 33 44 43 46 39 38 50 43 43 35 38 46 42 45 48 40 41 47 37 37 38 46 4 
31 35 33 32 44 48 45 47 36 37 50 43 36 34 42 47 45 32 48 44 31 39 30 36 55 
36 33 33 46 35 31 44 31 35 37 38 31 46 34 47 42 38 41 42 45 40 35 39 44 77 
36 31 42 33 41 36 43 36 31 39 30 47 48 31 39 35 47 38 38 39 45 45 47 44 59 
39 30 41 48 34 39 48 47 30 49 38 41 38 38 49 33 34 31 48 47 35 41 42 41 39 
44 31 34 49 35 43 30 36 47 49 43 49 30 46 31 47 41 47 41 39 45 49 46 34 14 
48 50 45 38 46 39 44 47 32 40 31 30 39 31 46 31 30 31 34 35 32 41 33 44 83 
32 34 32 37 47 39 47 40 31 50 48 33 36 47 37 47 33 39 30 50 50 36 49 45 31 
47 34 45 48 31 40 50 33 32 49 43 50 32 41 49 50 50 50 35 30 43 48 34 34 2 
46 34 45 40 32 34 49 39 49 48 42 43 48 43 40 39 38 39 36 46 45 46 31 32 16 
41 41 35 38 43 39 46 31 42 36 37 31 41 46 37 42 46 45 30 37 41 30 50 46 49 
48 47 31 39 38 36 36 45 35 41 38 49 35 50 34 44 41 38 49 36 46 41 47 49 7 
35 41 41 44 44 45 34 40 45 41 36 33 41 41 48 35 39 41 47 35 36 35 50 45 28 
36 42 35 42 33 49 41 49 32 33 49 33 41 48 37 38 49 35 42 30 42 38 42 30 54 
42 50 49 30 30 34 46 35 39 34 35 50 36 38 41 42 39 46 35 48 43 37 38 47 36 
34 31 37 38 40 35 35 50 40 30 41 40 45 41 38 34 30 44 45 38 50 32 48 49 55 
37 32 45 43 48 42 30 33 48 42 33 37 36 44 38 49 45 48 34 49 49 47 34 32 25 
46 39 47 41 31 43 42 37 44 42 38 39 43 50 49 42 46 46 35 31 42 36 43 32 16 
47 50 39 47 49 31 44 41 39 37 36 32 32 39 31 40 43 32 34 33 50 38 30 39 67 
30 39 41 33 41 31 32 39 37 35 44 35 42 49 44 44 39 39 30 45 33 37 36 37 88 
35 39 32 46 47 41 49 35 45 30 47 33 48 39 31 50 30 38 30 47 40 48 41 30 49 
39 34 32 49 45 30 30 50 43 46 46 32 40 31 43 36 31 32 38 48 31 45 38 42 69 
38 83 80 2 29 74 5 32 76 41 31 84 52 20 22 6 41 35 76 21 14 39 21 41 37 
