25 
25 
5 2 3 1 3 2 3 4 2 4 4 5 2 5 3 2 3 5 1 5 2 1 5 1 3 
31 43 32 42 50 45 38 41 35 50 35 33 35 40 30 40 43 39 46 32 42 47 42 43 46 
38 32 43 46 40 35 39 41 43 42 41 30 38 33 30 32 46 30 35 48 37 38 33 31 99 
40 36 38 46 37 30 47 30 47 50 43 31 41 49 44 42 39 33 46 43 41 40 43 38 26 
33 39 46 47 39 49 47 41 45 49 44 36 33 50 44 48 40 36 49 30 35 40 32 45 3 
40 36 34 36 44 43 41 47 37 39 40 45 47 33 37 40 31 31 35 31 37 46 48 37 65 
40 47 35 36 39 46 46 35 43 36 40 43 36 38 49 44 30 31 31 45 48 36 43 49 34 
34 41 43 45 37 38 34 42 50 39 47 35 48 40 41 39 43 38 31 34 32 45 42 36 46 
32 50 45 47 41 45 33 43 33 40 37 30 38 43 34 49 32 42 49 41 45 43 44 43 21 
35 31 38 34 45 44 33 47 39 45 40 48 50 31 49 34 41 34 48 48 32 33 45 36 40 
42 33 43 44 38 45 40 45 37 36 50 37 39 43 45 38 41 45 36 42 49 46 35 42 9 
31 44 46 36 39 36 44 31 32 45 46 33 36 45 45 50 50 32 34 32 50 50 31 36 46 
35 37 43 31 35 31 37 30 50 43 32 43 33 50 43 32 43 44 30 40 32 39 47 38 82 
46 32 43 33 49 32 33 40 36 35 41 46 30 34 35 43 34 39 33 30 31 31 50 35 109 
42 45 42 41 49 50 34 37 48 41 34 30 31 40 47 39 43 44 43 32 37 38 49 42 22 
39 31 34 31 43 46 41 40 50 48 33 37 50 40 30 40 34 37 48 45 48 32 35 48 40 
38 35 41 47 41 37 38 45 36 40 47 49 47 49 40 34 32 44 42 50 42 47 41 32 6 
36 39 44 33 44 35 36 32 41 31 46 44 39 49 42 48 43 42 47 32 45 46 44 31 31 
35 49 41 47 41 37 39 49 32 41 35 33 44 30 40 37 39 40 39 45 49 37 48 44 29 
34 39 42 47 44 41 42 42 46 30 34 40 40 46 42 35 34 31 44 33 50 35 36 40 53 
46 37 45 49 30 49 40 30 48 37 46 30 41 41 43 32 40 36 39 50 45 38 34 40 34 
43 42 38 39 41 48 42 50 44 33 34 49 49 48 30 50 31 33 47 40 31 34 33 49 22 
30 42 37 31 42 36 46 48 35 35 34 47 35 41 44 49 46 40 41 35 38 46 34 44 44 
30 39 33 49 39 33 45 48 36 49 40 33 40 37 31 48 46 38 43 33 33 47 34 30 66 
45 48 36 38 32 50 43 39 43 33 41 38 42 36 40 46 46 49 32 43 48 45 40 41 6 
105 53 38 25 21 19 42 27 14 33 40 80 38 14 45 11 53 92 32 66 23 21 37 50 21 
