20 
20 
3 2 1 2 5 1 2 2 3 5 3 1 2 4 4 1 2 2 5 5 
50 61 48 54 40 43 56 42 44 49 50 46 56 58 41 58 62 42 40 60 
53 56 54 54 39 56 40 59 61 58 59 50 55 38 47 45 49 60 53 14 
60 41 62 60 53 42 54 42 41 53 57 43 48 61 56 53 54 46 53 21 
58 60 56 38 60 44 61 46 52 48 38 49 47 40 61 53 48 56 54 31 
45 46 41 39 52 57 47 51 53 57 45 54 60 52 48 56 44 55 48 50 
42 55 51 61 38 60 47 47 40 55 48 53 50 50 57 50 54 47 39 56 
61 54 39 45 41 61 46 58 42 44 52 57 57 49 61 61 60 50 42 20 
45 46 40 40 48 57 49 49 51 48 56 43 41 42 58 62 52 60 45 68 
51 58 60 58 58 47 55 48 41 51 60 41 47 53 42 48 54 48 48 32 
46 40 42 59 40 51 61 59 50 62 38 57 46 53 43 40 50 43 57 63 
39 49 48 59 58 42 55 57 56 52 40 56 62 54 40 48 52 60 59 14 
45 49 54 38 42 45 43 46 61 60 61 47 60 45 53 47 55 46 61 42 
41 43 42 53 45 59 52 41 45 47 52 55 38 49 44 39 47 46 58 104 
38 62 47 50 42 45 48 43 41 60 51 46 46 48 58 38 44 53 50 90 
42 55 38 62 59 51 59 44 56 56 58 58 45 48 47 55 46 46 58 17 
42 56 52 51 59 54 41 52 44 62 59 41 49 48 52 53 41 53 55 36 
46 40 56 55 60 51 48 54 44 38 47 60 41 55 42 45 48 45 38 87 
59 50 58 49 62 41 51 48 53 40 58 40 54 44 45 59 60 49 55 25 
47 59 59 38 45 49 62 61 49 45 55 61 62 55 39 53 41 58 45 17 
90 20 53 37 59 45 25 53 76 15 16 43 36 58 66 37 39 37 42 153 
