20 
20 
1 2 1 2 1 1 1 2 2 2 2 2 1 1 1 2 1 1 1 1 
49 43 59 55 47 44 44 49 40 59 50 46 55 58 48 58 58 41 39 58 
40 58 51 55 61 42 60 58 50 42 38 62 42 53 54 49 62 41 49 33 
60 43 42 62 51 43 49 39 56 51 61 49 47 42 38 59 44 59 51 54 
59 50 57 55 51 55 45 59 42 50 55 55 49 41 39 50 60 58 45 25 
43 46 49 58 39 40 52 48 48 48 42 55 53 38 52 50 59 43 43 94 
54 62 54 48 60 45 51 49 49 53 38 46 41 50 59 45 55 48 62 31 
45 49 40 61 55 51 56 49 62 48 50 49 39 54 56 39 55 57 42 43 
52 39 40 49 44 39 47 54 46 51 54 49 56 57 59 62 58 44 40 60 
51 47 53 47 53 43 51 53 44 56 46 51 43 60 43 61 50 62 50 36 
48 45 54 60 53 61 46 61 47 62 47 58 54 50 39 48 50 41 56 20 
56 59 59 55 38 41 50 44 56 57 40 45 62 42 58 44 59 49 60 26 
42 43 39 40 59 59 42 48 44 42 38 50 53 49 54 42 41 40 41 134 
61 54 53 41 59 60 62 50 39 50 52 59 39 45 46 55 38 40 54 43 
56 39 60 53 56 47 54 42 55 57 41 39 61 49 56 50 41 58 38 48 
54 55 56 43 56 38 54 50 39 59 58 42 51 50 58 44 53 61 62 17 
45 39 62 41 61 59 56 43 46 38 50 50 62 57 61 62 56 47 49 16 
61 48 38 55 49 48 52 59 42 45 45 50 40 58 56 57 42 50 38 67 
40 43 38 56 58 58 50 38 51 54 51 57 50 44 38 56 46 38 57 77 
58 57 39 61 44 57 59 38 50 52 57 39 58 58 59 62 40 60 40 12 
26 81 57 5 6 70 20 69 94 26 87 49 45 45 27 7 33 63 84 106 
