15 
15 
3 3 2 2 3 4 2 3 4 3 4 3 5 4 5 
58 61 75 53 61 65 59 81 64 51 63 55 81 80 93 
56 60 61 53 56 77 64 80 70 64 59 82 79 50 89 
73 76 53 76 65 82 77 53 50 70 76 64 53 71 61 
65 75 72 72 70 75 58 76 68 81 56 57 51 80 44 
68 57 80 58 53 65 80 67 68 63 56 64 64 63 94 
68 62 75 76 57 58 80 77 62 78 82 73 77 56 19 
61 79 76 60 78 51 75 70 56 81 77 71 71 52 42 
53 64 51 57 81 81 82 77 69 58 63 69 62 53 80 
80 82 67 63 62 74 73 64 75 74 52 61 54 67 52 
70 76 64 74 73 73 82 66 76 61 65 77 54 62 27 
63 64 61 67 82 72 51 74 78 81 78 73 52 62 42 
54 56 61 77 50 73 73 58 53 81 72 82 72 56 82 
66 71 61 60 81 52 61 60 62 66 57 81 74 53 95 
77 69 58 55 77 56 56 79 66 61 53 68 51 62 112 
88 48 85 99 54 46 29 18 83 30 91 23 105 133 68 
