25 
25 
1 1 1 2 2 2 2 1 2 1 1 1 2 1 1 2 2 1 2 2 1 1 2 2 2 
50 36 37 34 38 41 40 42 45 40 41 35 37 44 41 33 48 33 46 42 39 45 43 46 24 
50 42 49 31 44 32 37 30 40 34 33 30 39 33 42 43 40 34 43 35 43 42 42 48 64 
31 46 34 49 44 31 37 49 45 40 45 39 46 42 37 36 35 30 43 36 41 30 37 46 51 
44 39 31 49 31 40 44 39 43 41 42 33 46 32 48 36 43 48 36 34 44 49 35 31 42 
47 42 47 43 46 31 49 35 40 36 41 33 41 49 45 37 32 39 48 44 50 45 44 32 4 
30 33 48 37 37 47 45 46 35 44 40 33 47 37 41 35 32 40 40 48 46 39 50 32 38 
36 47 46 36 40 38 39 30 39 43 36 36 45 42 44 37 32 40 46 41 32 47 44 40 44 
43 37 42 48 40 49 42 45 41 47 44 45 43 30 47 30 42 40 30 33 35 49 42 49 7 
48 49 39 38 50 31 35 50 43 47 33 40 33 38 42 37 46 32 40 44 37 46 33 38 31 
35 40 50 36 34 45 40 37 31 50 30 42 38 45 37 40 45 42 39 50 33 48 49 39 25 
33 45 32 49 32 34 35 36 50 39 38 48 41 44 38 49 41 39 42 41 41 49 33 30 41 
33 31 44 36 43 33 32 34 36 30 44 43 37 45 46 48 34 46 40 43 39 42 47 37 57 
40 40 34 39 49 35 43 32 33 32 31 31 40 47 35 41 45 43 44 49 41 39 50 49 38 
37 45 31 43 31 37 45 35 37 34 41 34 33 42 40 43 45 43 31 46 49 34 34 37 73 
34 36 48 50 33 46 33 38 37 36 46 50 49 41 32 43 44 50 34 44 39 38 31 42 26 
42 41 33 35 32 48 34 50 45 34 39 35 46 36 35 33 46 48 45 30 45 32 41 40 55 
42 37 36 37 45 47 49 32 44 30 48 33 46 48 38 41 46 32 35 30 43 31 31 42 57 
37 46 43 41 38 42 38 31 48 44 45 46 49 33 35 35 38 45 43 34 33 37 36 46 37 
39 30 32 32 35 41 50 48 39 42 34 34 36 43 32 49 42 37 43 50 36 34 50 32 60 
37 50 47 46 50 38 43 37 35 38 30 34 33 36 39 41 46 39 31 42 32 37 39 32 68 
39 38 33 31 41 41 35 34 47 46 30 45 33 48 46 49 50 45 43 46 34 47 32 45 22 
40 33 48 39 50 48 43 47 33 42 47 35 49 30 35 43 34 43 44 47 36 39 37 48 10 
43 31 48 47 40 38 50 36 35 38 33 34 34 39 46 39 31 35 47 39 45 39 35 50 48 
42 50 34 38 33 49 49 47 36 47 41 42 40 48 38 37 41 47 47 36 42 33 41 35 7 
48 36 34 36 44 38 13 60 43 46 68 90 19 28 41 45 22 30 20 16 45 29 44 34 71 
