25 
25 
4 2 1 2 1 1 3 2 1 5 1 3 5 5 2 3 1 5 5 4 3 5 3 3 5 
45 43 38 37 41 36 41 38 30 30 43 38 48 30 44 45 49 46 45 38 44 46 44 37 24 
35 46 48 38 44 37 33 36 38 34 44 31 36 47 35 46 43 34 41 36 45 33 32 48 60 
38 43 50 47 48 36 37 30 38 35 39 37 31 35 44 50 49 34 33 40 30 48 48 45 35 
47 46 46 32 42 37 48 48 38 50 30 31 45 38 50 45 41 47 45 32 32 50 36 33 11 
45 47 37 46 34 32 31 32 42 43 33 41 38 38 35 37 35 35 35 41 45 42 43 36 77 
36 45 49 45 36 32 43 47 44 45 38 47 32 34 36 49 48 42 41 36 49 30 39 47 10 
42 39 48 36 39 46 31 34 36 43 43 45 37 49 33 33 36 34 32 36 33 34 45 42 74 
38 33 43 43 45 40 46 48 35 49 45 47 45 45 50 35 31 34 38 37 45 46 30 38 14 
32 48 45 46 43 34 43 50 42 40 39 46 47 39 44 38 42 30 45 40 46 31 41 46 3 
42 48 48 34 48 47 32 49 38 43 49 46 43 40 30 30 34 38 43 50 43 31 42 38 14 
43 41 35 36 43 49 33 42 35 49 44 39 41 42 36 34 32 31 49 33 43 42 49 33 46 
34 33 49 35 36 32 32 45 40 32 47 37 44 43 50 41 38 36 43 44 35 40 39 46 49 
44 45 31 45 43 47 36 30 50 48 47 39 47 46 39 47 34 33 33 42 50 34 36 40 14 
35 47 38 36 30 30 49 43 39 47 43 44 45 34 49 44 38 33 43 32 33 47 34 39 48 
42 37 41 35 32 46 44 39 36 38 31 33 41 31 38 43 48 43 47 42 32 48 40 40 53 
50 40 31 48 37 31 50 39 46 46 31 31 35 38 35 38 48 41 37 46 47 42 50 46 17 
46 30 33 45 34 41 31 34 30 37 41 33 48 30 32 44 49 40 43 44 46 49 34 44 62 
44 50 36 49 44 48 48 35 31 34 37 33 31 43 33 40 44 31 33 48 30 46 43 45 44 
35 32 38 37 48 35 42 43 36 49 38 45 36 45 30 37 41 50 40 37 50 44 41 50 21 
36 46 38 42 40 48 45 49 33 42 48 31 42 38 50 43 39 31 34 39 32 38 39 36 41 
38 41 34 48 36 35 30 48 33 38 37 41 40 46 32 34 44 30 33 38 50 50 47 36 61 
44 45 37 43 33 40 39 47 33 39 45 40 41 31 38 37 50 30 44 31 34 48 34 36 61 
37 33 34 42 34 45 49 30 39 45 48 43 35 41 34 46 37 47 37 46 45 45 34 30 44 
45 31 39 33 30 41 42 30 34 33 36 33 41 42 36 36 36 30 44 50 44 33 31 35 115 
27 11 34 22 60 55 45 34 104 11 24 69 31 55 67 28 14 120 42 42 17 3 49 34 2 
