25 
25 
1 2 1 2 2 2 2 1 2 1 1 1 1 2 2 1 2 2 1 1 2 1 2 2 2 
42 39 38 34 34 36 30 37 40 41 46 48 46 33 48 45 35 36 43 35 38 50 36 44 46 
39 40 49 39 44 49 42 34 40 33 43 43 38 35 31 45 38 36 47 31 48 31 34 43 48 
43 43 42 41 34 49 36 39 32 30 39 43 43 43 47 35 41 50 35 42 45 30 34 31 53 
47 39 40 38 35 32 30 46 43 38 45 50 41 50 33 40 48 41 35 36 50 35 33 37 38 
39 35 41 49 42 45 40 43 38 49 34 43 48 47 48 36 47 42 37 33 31 30 32 34 37 
49 50 45 32 34 35 42 30 30 31 40 38 47 46 34 50 31 50 32 46 47 46 35 48 32 
31 48 42 30 44 48 32 46 31 47 40 50 43 43 42 33 39 35 45 47 41 50 32 49 12 
44 48 40 35 35 30 38 37 37 33 44 36 38 42 36 33 47 37 39 46 39 50 37 50 49 
48 35 42 40 38 50 39 46 32 33 44 30 46 47 38 41 33 44 39 32 50 47 47 40 19 
35 37 33 46 31 50 36 38 33 44 50 38 41 48 47 36 36 43 39 46 45 32 48 49 19 
41 33 47 40 37 50 42 36 36 34 38 38 46 31 33 46 49 37 46 39 41 41 40 41 38 
35 43 50 44 47 35 43 43 40 41 41 36 45 30 41 33 30 44 39 34 31 39 47 40 49 
45 50 38 43 41 45 50 45 40 40 30 43 38 38 48 37 31 49 43 36 44 33 39 42 12 
32 33 50 36 36 50 50 37 36 32 50 35 36 41 34 35 36 42 35 50 37 47 44 47 39 
35 47 48 36 45 34 31 41 35 46 44 48 32 41 41 48 38 39 45 40 47 30 42 38 29 
48 34 47 37 46 32 32 33 47 44 35 32 35 37 49 33 40 34 31 39 44 47 36 36 72 
43 50 40 36 41 31 42 38 48 44 40 47 43 42 31 33 37 46 45 49 32 45 49 43 5 
36 40 39 40 45 35 39 36 34 32 35 43 36 43 35 34 35 45 30 48 49 35 34 32 90 
40 35 45 36 34 50 42 47 41 50 43 44 47 30 48 32 43 45 34 32 34 33 50 32 33 
37 38 39 37 35 35 32 31 50 50 38 34 47 31 36 42 48 47 40 32 34 49 49 44 45 
48 50 34 37 41 47 37 32 38 49 36 35 42 33 37 50 41 30 36 49 45 43 43 47 20 
38 44 32 40 39 41 47 47 36 30 43 36 32 46 40 45 49 41 45 45 47 40 30 38 29 
43 32 41 32 46 33 46 38 31 45 45 39 34 43 50 45 33 42 32 40 30 36 46 50 48 
48 47 32 32 32 33 37 35 35 45 31 34 37 31 45 45 43 42 48 43 41 39 42 33 70 
14 10 6 90 64 25 65 65 97 39 26 37 19 49 28 48 52 3 60 30 10 42 41 12 68 
