20 
20 
4 4 4 2 4 2 4 4 4 4 5 5 1 5 1 2 4 3 4 5 
61 49 48 59 45 60 47 51 43 58 52 44 53 43 53 56 53 60 60 5 
61 40 56 59 41 58 39 45 58 50 46 54 45 60 53 51 52 43 61 28 
59 50 54 50 55 53 46 45 47 62 61 58 48 42 54 42 55 44 44 31 
50 52 50 43 53 46 57 53 51 57 61 57 47 59 56 49 45 52 55 7 
59 52 60 54 51 53 57 45 49 58 53 52 56 42 61 44 48 56 42 8 
38 56 43 62 41 39 43 41 53 53 43 38 57 44 56 57 58 55 55 68 
48 53 62 53 49 41 44 60 42 41 48 46 46 52 50 41 56 50 42 76 
41 54 42 41 42 42 46 61 40 49 44 51 56 44 46 61 46 62 60 72 
45 62 47 50 38 50 55 49 39 39 44 39 57 42 46 51 59 47 50 91 
56 61 44 54 57 41 48 61 51 44 45 48 55 62 38 43 44 55 56 37 
43 59 41 62 43 61 58 53 54 39 56 50 43 48 41 39 60 61 55 34 
52 53 62 59 40 62 58 52 58 41 52 48 38 60 52 40 47 41 50 35 
55 56 60 38 38 52 61 38 38 61 41 44 48 55 58 51 43 61 53 49 
46 58 50 52 61 62 53 48 40 53 57 41 62 45 43 61 56 41 54 17 
42 38 49 47 40 56 61 39 49 49 39 46 43 57 52 56 43 49 49 96 
47 50 61 46 61 57 49 49 48 40 51 58 57 54 54 59 50 41 60 8 
58 39 49 49 62 53 46 62 47 42 45 41 41 57 59 58 43 60 40 49 
54 55 52 49 60 49 53 41 49 53 52 45 38 57 39 56 59 48 39 52 
59 39 59 60 41 44 56 38 39 41 59 50 40 60 53 61 55 55 45 46 
26 24 11 13 82 21 23 69 105 70 51 90 70 17 36 24 28 19 30 191 
