25 
25 
1 2 2 2 1 1 2 1 2 1 2 1 2 2 1 1 1 1 2 2 2 2 2 2 1 
47 37 40 45 42 42 34 43 32 34 39 43 49 47 40 50 42 42 32 47 42 49 43 36 3 
40 43 39 44 46 39 31 50 41 33 37 34 31 41 46 30 34 36 42 35 41 44 34 46 63 
42 42 43 32 34 33 30 31 40 47 49 39 30 49 30 38 45 43 44 40 31 30 50 33 75 
48 41 30 36 50 33 37 34 36 48 50 37 48 38 37 48 50 32 33 37 37 50 33 31 46 
38 42 46 32 34 43 46 48 37 33 33 30 46 44 50 40 37 40 49 47 31 33 42 44 35 
31 39 33 49 47 40 46 43 50 44 47 33 47 44 31 45 31 49 48 42 34 43 40 44 0 
30 37 47 40 46 33 39 39 38 42 34 33 30 43 47 38 41 40 40 42 47 43 49 33 49 
40 34 41 42 50 43 48 33 45 38 31 48 35 46 50 32 33 46 44 36 35 31 46 36 37 
35 44 33 43 30 38 37 50 48 49 42 46 34 43 31 45 39 49 43 40 38 50 35 43 15 
46 49 46 43 38 38 37 41 42 42 43 41 31 34 43 49 34 31 34 48 43 36 43 48 20 
35 30 49 49 44 40 41 44 39 49 32 46 40 35 44 48 49 33 30 38 30 43 47 33 32 
30 40 39 42 35 34 32 40 37 37 35 44 38 45 44 37 41 31 40 31 46 45 45 42 70 
46 46 36 45 36 34 35 39 37 41 41 37 47 42 41 30 48 44 49 46 33 35 35 34 43 
48 44 35 31 44 37 50 39 40 32 49 42 34 48 37 44 43 38 37 36 40 41 38 43 30 
32 48 34 42 48 47 50 34 31 40 38 39 46 39 36 47 34 42 44 40 40 47 43 34 25 
31 35 42 34 41 36 50 42 49 33 34 33 50 30 48 42 49 47 46 38 41 44 32 39 34 
39 38 47 48 35 34 32 38 45 40 39 35 33 49 44 36 44 41 44 42 41 44 39 38 35 
33 46 31 32 41 49 40 42 46 35 46 41 45 40 44 48 37 38 50 44 36 46 37 46 7 
48 33 34 41 47 31 50 40 31 42 36 36 46 32 38 33 36 41 46 41 49 32 32 37 68 
36 34 47 49 31 32 44 39 44 36 50 30 33 36 37 46 48 43 41 35 42 36 38 44 49 
31 50 38 36 34 30 37 50 39 42 38 33 34 31 39 45 44 42 49 40 37 44 47 40 50 
50 39 45 42 46 38 42 35 38 36 31 35 46 36 31 38 46 46 40 35 38 46 44 30 47 
50 40 50 38 38 46 31 48 49 41 33 37 50 50 30 49 39 40 41 47 35 50 30 33 5 
41 31 43 32 30 47 46 36 34 41 49 32 44 46 43 39 38 47 34 46 49 30 47 30 45 
53 38 32 33 33 83 35 22 32 45 44 96 33 12 39 3 18 19 0 27 64 8 31 83 117 
