25 
25 
3 4 2 4 5 1 2 4 5 2 1 1 2 2 2 3 3 4 3 2 5 2 2 3 5 
32 42 49 46 38 42 45 39 44 36 46 30 43 36 48 33 32 42 46 44 35 35 46 32 39 
43 48 45 37 50 42 47 43 31 34 43 45 49 43 33 48 38 35 45 45 35 37 35 47 2 
32 43 36 44 34 48 45 40 32 38 32 42 36 37 48 44 36 45 48 31 37 41 40 33 58 
38 38 37 36 50 47 50 30 48 39 44 40 48 37 42 47 33 43 34 40 38 37 42 37 25 
39 35 37 31 39 49 32 33 49 49 33 31 32 47 31 49 45 33 34 47 34 43 43 46 59 
35 37 38 32 41 36 39 49 49 47 38 46 49 30 34 37 31 34 41 36 41 42 40 37 61 
42 37 38 35 32 34 42 43 34 34 40 48 40 30 37 44 44 49 46 35 38 46 37 50 45 
30 38 50 37 36 49 40 47 44 48 50 36 40 39 40 39 36 43 49 33 47 31 36 36 26 
32 36 44 38 38 48 32 48 31 50 37 49 30 32 49 50 34 34 47 46 33 46 39 45 32 
36 43 39 34 49 48 40 48 49 48 38 35 40 43 34 36 37 41 38 31 37 35 39 30 52 
33 31 48 35 34 46 35 43 37 30 46 34 31 38 37 39 30 39 47 47 39 47 37 49 68 
33 32 48 49 35 30 30 38 33 44 35 47 42 35 41 43 50 43 39 47 46 46 38 41 35 
34 49 33 33 50 39 39 42 39 31 32 42 46 41 32 45 42 49 43 47 43 42 37 47 23 
35 37 39 42 50 48 40 44 38 32 50 42 44 50 41 30 39 34 36 34 30 39 34 50 42 
47 31 41 40 34 48 43 40 30 31 34 42 33 43 46 39 33 42 43 45 47 43 37 43 45 
39 45 31 49 35 32 44 35 48 32 45 33 49 49 37 47 30 35 42 35 46 48 34 36 44 
49 43 46 38 31 32 40 39 47 49 47 47 35 50 31 36 32 49 49 32 46 38 36 34 24 
32 49 35 30 33 35 35 33 41 45 47 50 36 47 42 42 44 38 34 37 45 31 33 36 70 
37 44 37 38 46 34 32 37 43 46 46 30 39 49 38 32 42 37 46 37 36 44 43 31 56 
50 32 43 45 32 30 47 32 42 50 36 37 48 40 42 46 49 43 31 50 34 44 48 33 16 
49 43 37 30 43 37 50 33 47 36 30 43 31 46 30 31 40 49 43 42 45 42 47 49 27 
35 38 40 38 35 50 46 48 35 33 33 47 48 40 35 47 31 42 40 48 30 33 30 41 57 
41 33 44 48 38 45 37 33 48 44 30 42 35 32 41 47 39 46 30 34 36 47 46 42 42 
43 49 44 37 42 35 42 37 50 39 41 41 33 41 30 44 44 45 33 33 40 30 35 45 47 
84 47 21 78 55 16 28 46 11 35 47 21 43 25 81 5 89 10 16 44 62 33 68 30 5 
