25 
25 
4 1 5 3 3 1 3 5 1 1 1 3 4 2 5 5 2 2 4 5 1 3 2 2 3 
38 47 49 42 34 38 47 47 39 39 34 38 49 31 38 31 49 36 41 41 36 45 37 42 32 
43 46 33 43 36 33 38 40 42 30 41 38 38 32 49 34 45 40 47 34 44 43 36 45 50 
49 46 47 42 31 40 42 40 47 42 33 36 42 43 50 42 30 44 30 38 41 37 50 47 11 
44 31 50 41 31 44 49 32 48 44 34 31 40 30 34 45 48 31 46 41 30 46 47 48 35 
30 33 32 45 43 41 48 35 42 31 34 41 39 44 49 30 36 45 38 38 34 46 33 34 79 
35 50 33 37 50 50 34 49 49 36 37 43 30 47 44 42 39 30 41 48 44 44 38 40 10 
32 37 33 38 44 35 33 50 36 48 41 46 32 35 32 46 47 37 30 40 49 50 39 42 48 
45 32 46 42 35 45 40 46 37 38 35 43 33 33 44 44 32 44 49 33 36 34 36 34 64 
33 40 49 33 36 31 34 31 44 44 43 40 35 32 31 40 34 45 41 44 38 41 33 50 78 
45 44 39 31 46 50 38 33 35 49 41 36 42 50 50 48 46 44 40 49 38 33 38 35 0 
38 43 37 30 33 40 33 32 34 45 32 33 47 47 31 37 47 37 30 47 42 33 49 30 93 
42 34 41 33 47 49 35 42 33 42 38 48 30 36 33 39 45 48 41 48 34 30 37 43 52 
49 41 41 41 43 46 45 40 32 34 49 36 45 39 33 49 50 33 41 37 41 31 43 44 17 
47 40 37 49 43 42 39 40 46 41 39 47 42 31 40 39 47 34 44 43 39 50 39 39 3 
50 33 30 40 35 30 33 39 31 37 40 36 49 41 48 42 35 43 48 50 34 44 50 30 52 
48 41 45 31 38 35 42 34 50 46 46 50 37 37 38 32 48 42 41 35 38 41 40 41 24 
30 30 40 41 42 43 48 34 42 42 45 35 41 44 39 44 34 39 50 30 40 50 47 32 38 
46 38 41 31 49 50 33 48 37 34 31 32 48 38 49 32 45 30 49 42 36 40 37 43 41 
35 36 32 38 42 31 50 48 33 44 34 50 38 44 33 39 36 44 45 31 37 50 30 35 65 
39 31 30 44 48 32 39 40 43 31 50 38 36 39 44 39 31 49 30 36 36 46 47 39 63 
43 47 32 42 44 36 47 41 34 38 44 35 43 50 49 39 48 40 43 31 38 44 42 47 3 
48 37 50 37 41 44 46 44 31 43 34 50 34 32 47 46 39 34 36 44 35 42 47 43 16 
36 38 47 34 50 30 33 32 50 37 40 43 31 42 43 44 38 33 30 32 37 37 49 31 83 
43 49 39 37 34 41 50 38 43 36 43 34 50 41 46 37 47 47 39 32 32 33 30 36 43 
12 56 47 78 25 44 24 45 42 49 62 41 49 62 6 40 4 51 30 56 91 10 26 50 0 
