20 
20 
5 3 5 3 1 5 4 5 5 4 4 3 2 3 4 2 4 1 1 1 
39 39 51 43 61 40 62 49 60 47 44 42 56 38 47 51 60 55 61 55 
47 44 46 45 48 56 61 50 49 49 46 38 56 56 48 38 56 54 58 55 
60 53 46 44 52 58 53 62 56 52 52 51 58 39 46 55 46 47 40 30 
52 39 51 47 58 41 39 52 38 62 43 41 42 38 58 56 57 40 56 90 
58 46 62 49 41 59 51 62 53 40 51 51 51 48 47 42 48 61 53 27 
43 38 58 44 55 40 60 49 49 52 38 42 60 43 49 57 61 44 54 64 
46 51 52 58 47 47 60 56 54 44 42 46 43 55 56 46 45 42 48 62 
52 43 60 49 51 42 61 45 38 59 48 58 43 40 55 50 56 49 46 55 
51 55 40 50 61 48 43 58 62 58 42 48 57 57 58 39 40 59 51 23 
43 53 41 62 39 45 59 47 38 56 58 46 58 43 45 48 41 52 44 82 
57 49 57 48 44 53 44 48 40 50 53 53 46 48 48 57 44 58 45 58 
62 61 44 59 40 40 41 38 52 59 45 61 44 62 54 51 59 49 61 18 
45 54 57 55 45 61 57 52 40 56 62 42 58 46 46 53 52 54 42 23 
56 56 59 41 43 43 45 39 61 62 39 51 43 49 54 60 59 56 57 27 
52 42 52 51 56 39 51 60 52 58 60 39 47 53 49 54 56 54 43 32 
44 41 43 60 45 46 43 48 62 49 50 56 43 42 59 57 40 45 55 72 
42 62 51 55 39 54 58 40 44 44 54 45 57 45 50 42 39 61 46 72 
42 57 43 55 55 50 54 53 47 50 43 45 60 54 41 38 52 40 48 73 
45 60 38 47 46 54 39 45 47 50 58 53 51 62 59 58 42 41 55 50 
64 57 49 38 74 84 19 47 58 3 72 92 27 82 31 48 47 39 37 32 
