25 
25 
1 2 2 2 1 1 1 2 1 1 2 2 1 1 1 1 1 2 1 1 1 2 2 2 1 
33 41 34 41 30 31 50 48 49 30 31 36 33 45 46 31 45 46 45 48 49 44 41 44 29 
41 36 33 44 45 35 35 48 35 41 48 44 38 47 40 33 50 31 30 47 49 34 45 39 32 
45 50 31 40 32 46 30 47 50 37 46 43 43 40 35 50 45 39 39 34 45 31 32 38 32 
43 34 47 44 41 38 44 41 36 38 48 34 47 42 37 30 47 30 36 41 36 47 43 43 33 
32 38 49 37 49 39 44 42 43 35 50 48 30 50 33 41 46 41 49 35 46 38 35 48 2 
48 34 36 43 40 31 47 40 49 47 38 40 34 32 40 44 42 43 40 46 44 48 38 37 19 
31 41 38 44 34 42 34 42 31 44 30 31 47 39 48 40 44 35 36 44 42 42 45 35 61 
35 38 40 46 36 36 49 39 33 36 48 37 38 43 38 37 47 34 35 30 32 40 41 37 75 
42 39 50 48 36 49 47 41 32 43 32 46 32 36 41 35 44 48 33 39 37 45 44 38 23 
36 38 47 49 45 41 36 33 33 45 34 38 40 46 48 33 39 49 33 43 43 38 42 35 36 
37 50 43 45 50 33 34 30 46 42 31 42 43 43 47 46 47 31 40 46 35 39 37 41 22 
39 34 30 36 42 41 33 39 35 30 44 34 37 42 44 40 33 33 30 50 49 50 38 43 74 
46 43 30 31 30 33 43 40 48 43 37 41 35 35 32 50 42 30 46 46 39 46 46 43 45 
46 48 49 34 50 30 39 34 50 45 50 39 38 31 45 30 41 45 42 46 46 38 31 44 9 
34 31 42 42 35 32 46 43 31 44 50 44 38 44 41 40 45 49 47 35 44 37 43 47 16 
40 37 45 37 37 44 36 47 41 39 34 49 47 36 32 49 41 34 46 39 41 42 47 42 18 
46 47 33 36 50 38 50 30 46 49 50 35 30 32 33 42 46 45 50 37 32 33 33 46 31 
48 31 44 32 36 41 31 30 30 33 33 48 50 48 30 32 32 31 38 50 32 41 37 47 95 
30 37 36 42 42 47 48 44 32 43 43 30 30 35 35 47 31 45 35 45 34 44 41 31 73 
37 47 32 48 45 44 30 36 46 49 31 38 48 39 43 32 31 49 31 34 35 30 37 39 69 
44 36 36 46 48 45 32 30 38 42 45 30 34 42 48 50 40 38 49 45 33 43 49 46 11 
37 34 41 34 40 42 30 41 43 32 39 39 33 41 44 38 46 31 40 48 42 36 33 42 74 
38 49 41 33 32 40 38 32 32 31 43 42 37 50 36 42 33 42 47 35 46 36 50 50 45 
49 43 42 46 40 42 35 41 40 41 49 38 39 47 35 47 40 36 40 35 33 31 32 34 45 
43 44 51 22 35 60 59 62 51 41 16 54 79 15 49 41 3 65 43 2 36 47 40 11 31 
