15 
15 
1 1 2 2 2 1 2 1 1 2 2 2 2 1 1 
77 65 59 54 61 74 70 60 60 65 51 64 78 79 83 
55 75 64 60 74 81 52 71 81 67 69 76 81 55 39 
59 72 75 71 81 59 80 53 71 72 74 66 58 75 34 
50 71 53 58 69 72 82 73 77 64 77 52 70 62 70 
57 82 70 55 62 72 59 65 66 63 67 78 82 61 61 
73 51 62 57 52 56 75 80 75 72 68 64 66 52 97 
72 58 68 78 64 61 78 58 63 77 51 70 64 74 64 
55 64 62 58 66 73 61 63 74 70 59 68 80 79 68 
69 71 79 64 68 51 51 80 62 63 50 53 78 74 87 
59 71 53 65 70 53 66 68 78 64 56 80 77 82 58 
75 71 79 55 62 54 52 80 58 64 52 52 57 79 110 
74 82 69 73 64 62 74 66 50 61 55 55 67 53 95 
57 66 52 73 76 79 50 65 80 74 57 79 72 63 57 
71 51 79 70 58 76 57 74 50 62 82 62 65 80 63 
97 50 76 109 73 77 93 44 55 62 132 81 5 32 14 
