20 
20 
2 3 4 5 5 2 1 4 3 1 3 2 5 2 4 5 5 3 3 5 
38 45 44 56 49 44 44 60 57 45 55 44 47 46 51 59 55 50 52 59 
60 40 44 62 38 53 53 51 42 49 52 56 51 56 52 47 59 40 50 45 
49 53 38 39 39 47 42 40 57 43 60 61 49 49 50 58 58 46 39 83 
47 48 52 39 61 47 55 48 55 41 41 38 56 44 60 55 58 40 54 61 
49 47 55 56 60 42 38 46 49 46 43 43 45 61 50 58 42 50 46 74 
50 58 45 59 42 59 41 50 49 61 42 60 41 59 39 50 56 58 39 42 
44 49 55 59 59 56 50 56 60 38 45 43 41 55 50 49 57 56 48 30 
43 58 41 45 53 51 48 55 42 41 50 62 61 41 43 48 53 52 41 72 
62 39 51 39 58 50 49 49 49 42 60 54 49 61 46 48 41 52 43 58 
50 56 59 54 47 56 54 45 58 59 52 57 54 50 39 56 44 51 48 11 
61 49 46 62 46 44 54 59 50 41 57 48 45 49 47 60 60 56 62 4 
43 55 52 39 38 46 59 52 47 48 61 51 58 50 42 53 53 60 55 38 
52 50 53 42 51 56 42 45 48 52 59 59 45 48 43 49 41 57 60 48 
54 52 52 49 41 44 57 59 47 45 58 43 45 43 57 43 39 56 62 54 
42 62 54 53 41 48 45 62 53 38 42 53 62 58 40 45 41 53 45 63 
47 53 62 41 57 59 47 46 61 52 48 49 60 38 62 59 40 44 52 23 
40 48 56 52 43 54 48 47 43 47 47 39 52 48 54 38 55 41 51 97 
50 41 47 54 56 61 41 58 61 50 53 54 53 38 55 58 61 42 58 9 
59 52 38 62 38 58 61 53 60 44 57 41 56 56 41 49 45 49 59 22 
60 45 56 38 83 25 72 19 12 118 18 45 30 50 79 18 42 47 36 107 
