25 
25 
1 2 2 1 1 2 1 2 1 1 1 2 1 2 1 1 2 1 1 2 1 2 1 2 2 
31 38 49 38 39 47 41 44 43 46 35 30 49 42 43 50 50 39 44 35 41 37 48 36 5 
33 38 47 34 47 45 30 37 44 37 50 43 42 44 36 34 50 46 32 44 30 33 31 31 62 
44 46 48 38 32 38 30 48 38 33 41 48 47 47 33 31 40 34 32 49 35 34 39 39 56 
44 37 42 34 50 47 49 33 48 40 30 42 44 46 49 32 48 30 31 39 47 40 50 39 9 
35 33 33 47 48 49 43 32 35 32 41 44 31 42 38 36 44 30 38 49 49 45 47 42 37 
30 42 48 39 36 34 40 39 50 50 37 49 43 50 50 42 32 33 41 30 43 44 31 47 20 
33 48 48 44 35 45 43 33 47 48 50 42 43 39 31 32 31 34 44 46 43 48 49 44 0 
44 33 37 46 35 38 32 45 43 48 33 40 37 37 42 45 38 44 41 31 33 41 30 50 57 
32 46 45 31 37 33 46 48 30 49 49 34 34 34 35 36 43 39 44 49 35 33 38 33 67 
35 34 32 50 34 47 33 49 39 35 40 36 35 34 46 44 31 45 36 36 40 33 49 47 60 
34 50 45 37 32 35 45 46 49 50 37 47 35 32 40 47 34 41 39 50 32 42 45 48 8 
43 43 30 36 33 45 50 37 41 43 33 50 30 34 34 34 47 48 34 38 41 42 37 43 54 
30 38 41 34 48 34 50 35 33 35 48 32 46 35 40 44 35 37 45 49 39 33 41 35 63 
39 47 32 42 44 42 38 37 31 35 30 44 46 39 45 48 30 45 47 36 34 41 42 39 47 
50 44 44 39 30 34 37 40 35 47 41 32 36 39 39 42 36 42 36 33 38 31 33 44 78 
36 30 33 47 47 41 42 43 47 38 49 30 50 40 41 34 49 36 42 34 44 37 42 41 27 
44 34 40 49 49 41 45 37 33 49 50 47 41 41 32 44 30 30 38 36 39 49 38 47 17 
46 43 50 37 31 35 41 40 41 36 41 49 33 45 41 33 40 43 41 41 46 47 33 47 20 
31 49 42 36 40 42 37 39 44 48 40 36 30 40 34 44 36 37 50 44 37 39 47 36 42 
43 30 36 47 43 48 49 47 32 37 44 37 42 42 33 49 33 33 30 42 39 32 50 44 38 
30 45 42 40 30 46 32 45 38 43 47 40 34 50 45 33 47 37 45 30 40 30 43 33 55 
39 32 35 49 38 49 35 36 42 30 30 41 37 40 48 49 40 46 45 31 47 34 47 45 35 
33 30 36 40 35 30 41 31 45 48 48 48 49 42 40 36 33 43 50 43 45 43 37 43 31 
43 39 46 47 42 33 38 32 37 31 48 30 47 48 32 48 30 37 30 42 48 35 41 45 51 
98 51 19 19 65 22 33 47 35 12 8 29 39 18 53 33 73 71 45 43 35 77 12 2 61 
