15 
15 
1 2 2 1 1 2 2 1 2 2 1 2 2 2 1 
77 68 59 51 62 55 79 78 70 63 63 71 58 81 65 
52 60 55 64 73 69 78 73 66 72 82 57 62 69 68 
64 64 70 61 69 78 57 58 71 79 66 64 56 81 62 
68 63 60 68 65 69 64 56 78 68 61 69 60 80 71 
60 81 62 82 74 71 67 71 77 57 70 82 78 58 10 
79 69 69 71 60 52 65 81 71 59 80 51 62 57 74 
80 75 51 63 55 70 58 67 79 58 70 76 71 75 52 
56 67 58 65 52 63 77 57 75 69 56 54 58 69 124 
74 81 61 68 60 76 76 65 72 53 69 66 73 63 43 
51 62 57 72 68 75 52 64 82 50 59 79 82 64 83 
55 74 73 51 81 61 54 56 65 75 71 79 77 55 73 
69 82 82 66 79 77 68 56 62 73 53 61 52 66 54 
76 82 75 68 81 75 67 58 59 80 74 69 73 54 9 
56 67 82 64 76 62 65 75 54 55 53 61 81 79 70 
83 5 86 86 45 47 73 85 19 89 73 61 57 49 142 
